0.0909301 4.99997 7.38905 17.7258 16.0571 20.9134 15.2067 13.1140 13.1023 0.128884 
0.308268 9.73695 16.0854 16.5273 19.6838 15.3491 13.0425 10.7152 7.94626 0.340737 
0.319278 7.24697 8.61548 15.8314 16.2994 22.6007 23.4914 23.7021 29.3759 4.89385 
0.182356 10.9299 10.6386 13.0180 15.8599 17.9815 18.7300 17.5811 19.5851 0.230844 
0.318803 26.2558 32.2698 39.6027 36.0464 49.4611 39.2941 43.0046 45.1709 2.21026 
0.360910 15.3219 20.7869 19.9974 23.3705 31.5972 22.3690 19.8956 22.7724 1.19849 
0.383349 7.06150 10.4922 18.4707 19.2951 12.4729 21.0558 14.1894 13.7184 0.331150 
0.817699 7.21602 8.01818 14.6422 11.3000 17.9588 15.0026 14.4404 18.0490 0.426074 
0.184530 19.1818 18.7732 25.5270 16.4396 18.3831 21.7057 16.9227 12.9854 0.822458 
0.303876 11.2755 18.6286 28.1224 20.2288 36.0034 28.5673 24.9026 26.5709 0.330876 
0.280212 13.6860 9.59919 12.9646 17.8594 22.7213 14.4221 10.1106 11.5273 0.132204 
0.173286 19.0917 11.8867 21.1204 25.7586 25.1210 23.4841 18.3057 24.4516 0.730101 
0.0822544 11.6345 13.5360 18.9036 16.1640 22.8059 19.0800 21.3254 30.7579 0.179059 
0.0874319 4.66672 5.59033 17.5297 21.1038 17.4687 18.3221 9.98457 6.64358 0.191101 
0.189385 16.6351 15.6804 16.4915 19.8470 28.8647 15.3747 18.6574 13.5059 0.930488 
0.0968027 17.1424 23.0201 27.8965 28.9275 40.3335 28.3933 27.8269 35.1931 1.11745 
0.695812 18.1048 15.2388 21.8180 17.8162 23.2876 16.2045 16.1520 19.7162 1.05078 
0.176780 30.6721 34.0813 35.6213 31.7278 34.4624 43.3803 30.8589 29.2122 1.84681 
0.864261 23.4556 21.2926 26.8711 21.9393 27.5167 29.6808 18.2893 18.3145 1.96966 
0.615440 10.2631 13.9000 20.9330 17.4735 16.3879 16.2596 12.1437 11.1119 0.272492 
0.287654 9.09195 12.6293 16.1935 11.0182 16.4478 15.2146 19.0986 22.2164 0.824243 
0.272837 14.0137 24.6164 25.7404 19.1433 27.6602 28.1468 22.3248 28.1981 0.483258 
0.331932 23.6123 18.2776 30.5940 18.6171 20.7942 25.5809 18.1022 22.0819 0.333785 
0.477839 15.2953 14.9741 22.4070 18.3969 25.1779 16.8458 11.8873 10.3487 0.239149 
0.601978 18.3075 29.3207 25.4606 18.8543 22.7720 24.5675 18.7748 24.9775 1.32748 
0.0601792 10.2703 10.2982 17.3066 10.8428 15.5805 9.31282 11.0964 14.2442 0.306958 
0.0928465 8.45450 14.9408 19.5531 7.46317 11.9637 30.4403 11.0189 8.30650 0.180858 
0.666343 11.2238 14.5749 17.7377 14.2677 18.2404 21.5844 21.8502 17.8552 0.167045 
0.125109 2.84613 10.7773 19.1898 7.62678 16.7058 4.26155 15.9594 4.81431 0.154190 
0.389810 10.3465 8.54136 8.09053 7.06013 10.9771 10.0078 12.7901 13.0405 0.341107 
0.154014 9.75818 12.2961 13.9790 8.64033 14.7928 21.6899 12.3240 12.4355 0.413217 
0.453262 17.7233 17.7957 24.5081 21.5392 28.3966 29.2773 25.1308 27.5108 0.731279 
0.00968143 25.8276 30.9988 38.0707 39.4622 58.8920 62.3086 60.9882 59.2678 1.35901 
0.0185651 15.6994 20.0942 24.3421 20.2159 19.0149 21.1093 15.7336 13.6325 0.534540 
0.456357 10.6065 15.6179 21.3316 20.4999 14.6334 26.8046 13.2119 13.3364 1.15049 
0.165668 8.49158 8.71622 11.1680 11.6612 12.9510 19.5623 10.5922 17.0138 0.528940 
0.413651 10.8365 6.05664 7.80329 6.57852 9.82876 15.0502 12.3995 6.96931 0.0800457 
0.318381 11.1492 23.1325 22.3554 19.4916 21.8672 21.9832 16.0161 14.8304 0.0701395 
0.444124 8.28161 10.4247 15.4649 15.7238 18.4165 17.2516 12.8841 15.5198 0.517835 
0.758723 11.5517 19.7956 19.1265 24.2208 21.3548 17.3748 16.7980 32.0530 0.0823587 
0.651577 18.0095 14.0659 23.9663 23.1774 18.8930 17.5121 17.9800 19.2407 0.143608 
0.0383383 20.6907 15.7866 24.9837 27.2373 21.5152 24.2203 21.3953 27.1501 0.870581 
0.0154040 13.6892 23.3966 36.4899 22.7737 26.1821 20.4458 22.0249 19.4402 0.931386 
0.930151 20.4867 22.2192 54.5659 36.6885 45.0924 30.5132 29.7344 33.3516 1.99498 
0.223583 21.3307 27.8551 29.7762 30.3595 34.0231 29.4086 29.0966 29.0849 0.747858 
0.431757 8.83204 11.5157 17.6043 10.1964 18.5287 15.4411 12.8904 16.5999 0.481992 
0.0685232 20.1066 23.7689 36.9154 23.7029 27.7744 32.4625 25.5093 21.6411 2.14810 
0.547828 22.5767 24.5376 34.3782 26.8247 33.0779 33.2878 29.7394 28.6822 1.29320 
0.290206 19.0821 26.1852 31.3511 21.8271 26.8297 18.3634 14.9316 15.7001 0.335212 
0.0262710 5.11311 4.44382 7.86285 7.17791 6.39959 15.0821 10.8846 6.46808 0.0463115 
0.517462 4.35791 4.93701 8.61939 5.71063 7.45959 14.0815 15.8294 17.5971 0.0560826 
0.0287287 11.2224 9.99154 19.4857 10.3855 22.3140 12.9876 14.9618 22.7832 3.34316 
0.210605 25.8107 29.9344 25.0956 15.0355 13.3043 7.77474 4.86450 6.47392 0.0804809 
0.256222 11.6170 7.56672 21.4286 9.06442 12.6390 14.1580 8.43182 8.28197 0.206947 
0.0293508 7.56197 11.4588 22.2827 11.7363 12.0168 9.83095 5.68636 6.12346 0.0323851 
0.245872 8.66307 12.0375 19.6256 17.9676 21.9771 24.5854 16.7694 23.6861 0.147799 
0.322467 11.0091 17.9541 13.9412 16.2393 18.5573 19.1099 10.5879 12.0967 0.469595 
0.418572 11.3970 9.25431 10.1334 9.07951 10.0964 13.7548 14.4668 10.3543 0.155546 
0.0633216 2.99001 2.56120 4.68474 2.33669 53.6262 4.46532 3.31237 6.87437 0.307203 
0.0727841 4.62332 10.4088 14.9941 12.0534 11.3464 8.28988 8.54702 12.3653 0.250065 
0.889237 19.3028 30.3682 33.3837 21.9603 34.6688 26.5901 16.8355 23.2027 0.0740888 
0.471563 18.4173 12.4445 15.7275 24.3476 22.9043 18.8039 19.7638 19.8279 0.210987 
0.185617 7.99132 17.0978 20.3811 24.2064 26.0458 15.2215 18.0155 16.8776 0.397419 
0.168687 12.9455 20.8745 21.4774 12.1829 29.9451 27.4001 23.6331 27.2686 0.164519 
0.571774 22.0407 26.1434 28.8735 29.7776 30.3959 25.4061 22.0903 23.5316 0.764118 
0.124297 11.6035 12.4539 13.0630 10.9047 16.7120 14.2417 19.9616 12.7805 0.401323 
0.0586053 6.14599 7.89690 11.1521 7.21603 15.1788 11.9390 26.3840 27.1972 0.724620 
0.106104 12.8366 23.4044 35.6718 44.0754 39.9313 35.6090 29.7687 33.6772 0.992115 
0.00555452 18.4595 13.8743 15.9075 24.1059 12.1376 12.0102 12.7143 13.2155 0.138921 
0.0886203 10.9928 8.82956 10.6260 9.99494 8.79531 6.82898 6.51561 12.6901 0.417447 
0.0512507 9.85315 26.0633 17.2483 15.9178 25.0427 17.7072 15.7273 22.7055 0.840317 
0.252279 9.64279 8.63914 15.1915 14.3607 25.2410 25.5173 27.5843 31.5484 1.45787 
0.194071 24.0277 21.2384 23.3525 20.7091 21.4749 19.5730 15.9075 13.1700 0.477267 
0.161238 13.4244 12.4443 12.8178 14.2485 17.8237 17.7139 15.7968 17.3765 0.176796 
0.217197 7.98749 5.07376 9.83672 6.77913 8.29632 9.87603 9.56314 13.4536 0.111964 
0.0118151 11.8771 12.6913 19.9695 17.5979 20.4428 22.5568 24.0393 21.8087 0.268502 
0.175618 19.9346 23.6740 25.7929 16.4303 17.4180 19.1372 12.7745 10.5056 0.205369 
0.222483 10.5630 18.0913 21.2467 15.8214 29.3035 25.2498 33.2578 33.2745 0.745301 
0.401302 14.5435 21.8863 22.6485 16.7718 23.1559 22.2579 17.0395 16.9475 1.07253 
0.223048 20.2743 12.5298 11.4096 18.4963 8.27435 8.14455 10.8802 7.58181 1.15633 
