3 112 209 348 258 439 276 259 242 8 
2 176 192 265 290 362 221 183 216 6 
1 40 75 135 147 235 253 174 285 2 
1 14 34 61 65 96 99 87 118 1 
1 235 185 387 332 417 426 412 364 4 
12 456 537 700 669 878 630 563 620 17 
9 517 624 821 638 797 754 661 677 13 
0 8 19 42 32 54 31 36 18 0 
0 21 36 40 31 49 43 33 68 1 
0 10 6 26 26 31 20 39 17 0 
0 28 15 40 34 34 35 8 18 0 
2 79 107 123 129 182 154 122 138 7 
7 309 292 507 439 588 508 464 560 8 
7 165 187 252 222 312 236 299 323 17 
2 149 204 284 235 369 271 240 352 14 
5 169 239 260 263 321 258 261 298 2 
0 5 3 19 5 40 12 13 11 0 
0 5 3 9 9 54 11 1 26 2 
6 270 226 277 190 235 192 190 141 11 
0 13 17 25 22 43 18 20 23 0 
0 98 124 170 143 149 154 149 175 8 
0 2 6 14 11 11 10 20 6 0 
3 123 138 198 158 189 237 267 266 13 
0 14 18 44 41 45 29 52 47 0 
0 19 24 29 37 69 23 25 42 1 
1 100 133 184 164 196 164 170 179 5 
11 452 478 838 598 780 673 672 780 59 
6 99 128 210 166 216 164 199 193 4 
0 21 17 26 32 46 27 31 38 0 
8 552 475 590 693 718 667 578 636 18 
4 238 342 302 301 366 305 268 235 14 
13 282 277 443 253 401 345 309 300 11 
0 60 76 86 77 103 89 85 82 5 
2 468 450 513 582 614 643 546 566 24 
5 21 51 60 41 35 40 53 21 1 
1 71 86 142 107 85 88 83 59 1 
5 94 130 153 115 153 163 164 156 3 
0 54 45 64 53 68 58 65 49 7 
22 612 778 842 687 994 880 740 925 14 
4 346 604 584 529 626 562 403 388 15 
1 42 56 63 48 80 54 52 30 6 
1 145 217 273 190 178 195 195 197 5 
4 4 23 33 15 19 12 25 4 1 
12 157 210 191 209 185 179 150 158 5 
9 396 415 623 417 480 466 382 392 14 
4 286 372 452 323 610 446 374 450 10 
0 14 23 36 12 28 20 12 28 0 
1 237 267 280 282 322 334 269 246 12 
3 98 170 159 143 138 131 134 129 5 
0 13 24 43 22 29 32 14 17 0 
10 380 422 572 517 649 626 555 611 29 
2 59 64 81 61 64 88 80 88 0 
4 151 195 294 241 294 328 287 318 8 
2 38 27 50 22 43 46 39 42 0 
2 176 192 265 290 362 221 183 216 6 
0 10 9 27 9 17 9 18 6 1 
0 24 34 9 36 32 12 20 58 0 
2 90 112 125 136 144 132 141 142 4 
0 28 43 68 26 39 40 20 41 0 
5 386 407 522 582 625 654 610 598 15 
2 123 142 207 173 364 326 324 420 53 
1 26 17 52 39 97 73 137 148 21 
0 36 28 44 31 87 76 79 89 14 
1 158 140 241 187 312 261 229 285 24 
4 59 56 50 66 90 74 68 85 11 
26 803 1025 1469 1238 1910 1666 1642 1925 69 
11 452 478 838 598 780 673 672 780 59 
0 8 31 26 88 168 131 75 66 2 
13 380 447 768 679 933 694 963 1258 103 
5 70 84 147 104 142 111 125 170 15 
4 61 94 124 84 158 110 119 90 11 
0 28 42 51 32 74 50 51 58 0 
5 61 34 62 54 66 92 103 86 4 
1 170 229 353 220 318 316 339 372 12 
1 177 169 260 226 257 258 279 254 6 
0 47 52 115 69 131 102 82 123 7 
13 199 195 235 204 237 280 222 299 8 
10 255 270 419 329 456 381 381 393 39 
2 32 26 69 46 125 87 147 175 24 
1 59 80 109 87 132 99 103 148 5 
4 33 38 85 79 126 123 98 94 6 
1 54 74 111 117 167 177 188 200 7 
6 180 206 314 220 262 226 224 297 23 
0 4 6 8 11 16 9 48 73 1 
2 139 86 140 161 244 279 252 213 12 
0 42 57 52 49 109 87 80 88 5 
1 210 174 299 223 396 305 316 380 14 
44 1720 1823 2499 1961 2406 2558 2294 2489 99 
4 71 102 141 93 127 103 90 130 2 
7 139 246 318 332 295 276 273 421 5 
1 187 197 219 246 310 306 320 451 10 
2 268 291 336 288 349 326 389 356 6 
1 149 164 223 189 206 205 222 197 2 
0 77 36 57 62 58 113 67 44 0 
0 30 16 25 46 39 65 95 105 0 
2 147 177 324 234 316 262 250 309 6 
3 54 47 65 67 81 129 177 216 0 
1 100 136 213 155 225 190 164 155 4 
0 26 59 40 62 60 62 43 51 3 
26 1211 1436 1546 1382 1756 1452 1348 1531 32 
1 44 45 78 61 68 42 51 64 2 
0 23 17 43 25 24 24 20 45 1 
0 156 197 194 166 175 153 204 239 21 
5 190 253 258 196 288 258 238 212 5 
3 153 204 236 214 310 334 276 354 8 
2 70 75 103 94 110 106 132 167 1 
0 0 0 0 0 8 16 28 37 0 
2 176 192 265 290 362 221 183 216 6 
5 415 472 619 518 687 546 537 549 24 
12 456 537 700 669 878 630 563 620 17 
0 28 43 75 41 46 50 61 82 2 
0 0 0 0 0 10 29 53 71 0 
0 30 41 99 55 65 47 37 66 2 
3 189 226 277 229 312 316 187 224 5 
10 380 422 572 517 649 626 555 611 29 
1 35 33 45 39 36 66 47 66 0 
0 41 48 49 24 78 113 202 197 5 
19 413 418 519 359 455 567 446 482 32 
1 135 139 178 137 182 161 144 151 5 
1 39 51 66 60 72 73 53 69 4 
9 255 275 416 293 455 284 404 421 11 
3 180 237 277 268 396 357 340 301 12 
8 297 361 429 406 537 495 484 483 19 
5 205 313 366 355 406 443 354 371 16 
1 114 188 261 197 229 234 229 250 9 
10 282 303 459 387 469 492 450 516 19 
1 128 129 149 148 180 228 169 191 11 
2 468 450 513 582 614 643 546 566 24 
6 678 762 925 795 984 906 937 1029 42 
5 149 139 191 166 184 158 229 201 4 
0 141 145 242 216 218 251 225 257 12 
8 277 325 415 384 505 481 482 527 16 
8 389 464 605 507 580 634 530 590 24 
44 1720 1823 2499 1961 2406 2558 2294 2489 99 
10 380 422 572 517 649 626 555 611 29 
6 286 269 472 360 430 440 361 355 17 
1 191 198 247 201 297 247 195 168 3 
4 273 288 332 325 406 359 306 364 3 
8 234 236 404 335 382 427 386 323 16 
1 111 116 149 118 201 161 152 177 4 
3 98 88 94 72 120 85 88 102 5 
2 187 184 231 131 198 161 159 167 4 
1 166 181 233 191 272 280 262 216 12 
2 199 209 314 295 316 280 327 266 10 
2 272 210 259 236 273 301 233 251 11 
33 1278 1340 1910 1498 1997 2078 2043 2240 84 
2 183 229 324 250 326 308 243 272 15 
0 161 166 204 156 245 188 167 141 2 
2 114 88 149 127 185 157 163 168 7 
2 151 137 218 192 289 254 200 243 14 
7 232 329 329 269 455 338 397 357 12 
6 148 160 197 147 203 183 138 213 4 
3 110 137 151 105 161 188 203 183 13 
4 314 426 432 396 545 459 449 486 17 
1 59 80 112 120 115 129 116 127 17 
1 53 99 96 74 144 81 117 98 3 
5 705 931 1114 1152 1173 913 921 947 28 
3 239 277 330 321 444 338 407 348 18 
2 265 254 361 319 434 357 414 351 12 
4 286 372 452 323 610 446 374 450 10 
1 110 136 136 154 222 169 214 173 3 
3 24 53 45 46 73 40 41 81 2 
5 160 177 191 139 161 146 101 162 3 
6 174 153 200 167 279 273 248 196 21 
2 178 184 253 264 264 250 180 331 7 
0 4 24 20 19 63 11 20 8 0 
8 552 475 590 693 718 667 578 636 18 
0 16 52 47 44 122 28 30 20 0 
0 93 108 103 88 117 133 104 138 7 
1 189 274 391 231 314 291 185 183 1 
4 704 799 995 713 933 916 860 824 40 
0 41 48 71 50 91 84 90 79 6 
3 157 226 308 251 323 343 328 277 22 
2 71 91 75 77 114 110 76 110 6 
3 36 37 58 69 80 88 93 89 6 
1 109 130 175 133 164 182 131 197 6 
2 53 66 68 62 77 86 107 77 4 
2 126 121 200 203 209 234 201 214 8 
2 247 250 339 260 398 374 360 323 15 
2 468 450 513 582 614 643 546 566 24 
8 104 102 242 217 242 359 297 223 2 
1 27 28 36 45 52 56 48 30 0 
1 36 56 61 56 72 59 73 63 0 
1 52 42 93 80 122 135 106 116 9 
2 19 36 45 29 39 42 64 64 0 
2 70 75 103 94 110 106 132 167 1 
0 13 8 26 13 28 43 25 33 2 
1 47 71 62 90 91 115 79 86 2 
1 28 52 95 53 60 63 54 43 1 
1 81 105 126 86 115 139 125 102 2 
2 49 51 72 49 91 66 59 48 0 
4 286 372 452 323 610 446 374 450 10 
0 14 25 11 27 64 15 97 8 0 
0 54 64 125 75 137 130 172 129 1 
5 112 132 114 90 87 82 92 91 2 
1 166 198 317 242 340 296 331 326 10 
3 44 54 88 77 83 73 70 66 5 
0 24 8 16 17 19 17 23 28 0 
0 3 19 10 6 11 17 14 5 0 
0 5 5 63 12 19 42 10 2 0 
2 24 14 27 18 34 56 27 12 4 
0 5 6 20 36 17 4 10 10 0 
19 413 418 519 359 455 567 446 482 32 
1 6 4 20 17 5 6 4 14 0 
6 252 279 298 228 729 370 410 393 24 
2 151 137 218 192 289 254 200 243 14 
3 13 18 25 17 19 20 21 23 1 
5 160 177 191 139 161 146 101 162 3 
7 324 418 384 289 477 328 322 328 10 
0 9 26 30 9 9 8 11 7 0 
2 53 100 83 76 115 100 75 128 2 
9 110 143 148 138 232 191 154 184 4 
0 66 88 140 108 240 166 169 163 11 
0 45 12 41 74 54 110 62 97 13 
0 45 81 65 84 136 128 121 105 9 
7 309 292 507 439 588 508 464 560 8 
2 126 106 184 151 265 189 198 224 6 
0 28 36 76 60 60 85 64 125 2 
0 156 111 167 150 212 166 171 181 3 
13 380 447 768 679 933 694 963 1258 103 
3 237 226 325 284 409 357 301 381 6 
6 2 26 4 28 15 11 16 32 0 
1 53 16 48 83 66 155 76 127 15 
9 255 275 416 293 455 284 404 421 11 
5 229 229 295 206 339 285 264 262 6 
0 16 17 29 26 29 48 33 42 1 
26 803 1025 1469 1238 1910 1666 1642 1925 69 
8 219 229 270 237 543 364 345 406 14 
12 229 331 398 374 429 533 398 496 10 
6 302 328 373 322 432 438 404 436 15 
1 110 136 136 154 222 169 214 173 3 
2 176 192 265 290 362 221 183 216 6 
2 265 254 361 319 434 357 414 351 12 
20 559 623 821 737 834 855 716 714 29 
2 95 125 143 157 181 198 131 200 10 
1 9 10 21 12 18 21 19 22 0 
2 45 78 86 88 123 133 50 84 1 
1 166 198 317 242 340 296 331 326 10 
1 4 3 30 20 29 31 24 39 1 
2 26 16 28 45 64 59 29 88 7 
8 105 181 231 146 170 195 121 176 1 
0 147 190 210 103 141 220 109 85 1 
0 99 126 91 67 74 26 103 47 0 
3 109 196 244 175 297 231 216 187 1 
0 67 71 110 116 92 112 73 96 7 
2 45 64 108 49 76 73 41 41 0 
1 105 93 76 71 82 65 59 84 1 
3 39 70 57 50 104 62 75 37 0 
3 189 226 277 229 312 316 187 224 5 
0 161 118 187 161 177 220 102 137 2 
0 57 61 64 45 83 72 32 22 1 
5 238 253 273 199 255 198 162 184 3 
3 40 67 67 56 72 56 51 56 0 
10 767 931 1306 1165 1422 1316 1142 1059 35 
0 22 55 52 24 44 14 17 21 0 
1 43 64 76 66 97 59 66 86 11 
0 40 17 21 13 18 37 14 27 0 
8 325 372 384 327 343 304 247 260 10 
0 81 91 68 59 121 98 66 103 3 
5 187 305 373 299 394 445 359 321 10 
0 45 23 36 40 44 72 19 34 0 
6 130 179 206 153 201 153 145 160 0 
1 21 23 21 15 19 52 24 14 0 
4 220 316 324 278 399 344 408 414 13 
9 381 437 511 437 524 530 412 430 20 
5 415 472 619 518 687 546 537 549 24 
5 205 313 366 355 406 443 354 371 16 
1 69 78 73 65 48 104 48 39 0 
2 30 4 17 8 14 5 2 11 0 
0 21 11 21 7 12 12 21 23 0 
1 192 210 342 230 304 268 261 380 8 
4 704 799 995 713 933 916 860 824 40 
0 42 81 72 52 94 105 118 129 0 
0 94 125 209 126 156 117 134 139 4 
2 70 110 161 140 162 155 130 178 4 
26 1211 1436 1546 1382 1756 1452 1348 1531 32 
1 12 23 25 32 43 77 41 50 0 
0 35 65 95 102 105 101 60 61 1 
9 381 437 511 437 524 530 412 430 20 
0 21 23 17 28 40 17 46 36 0 
4 170 229 262 287 276 276 245 302 9 
2 157 254 333 270 258 224 209 288 7 
9 335 432 675 570 652 587 544 557 13 
1 42 61 79 93 114 158 125 116 0 
1 28 32 79 99 68 41 33 51 0 
3 109 196 244 175 297 231 216 187 1 
4 109 113 133 110 122 157 135 135 2 
6 65 104 112 122 129 104 103 112 1 
0 12 12 30 26 38 14 16 16 0 
0 38 59 62 47 58 57 44 66 0 
1 76 101 117 112 155 118 85 129 2 
5 705 931 1114 1152 1173 913 921 947 28 
3 144 131 228 142 195 174 177 204 2 
2 247 250 339 260 398 374 360 323 15 
0 63 76 109 119 143 118 160 172 7 
0 22 49 85 46 70 54 40 68 1 
3 326 422 518 425 757 530 573 614 21 
8 277 325 415 384 505 481 482 527 16 
0 18 18 37 21 39 28 46 51 0 
12 229 331 398 374 429 533 398 496 10 
0 118 125 168 135 137 134 91 158 2 
7 309 292 507 439 588 508 464 560 8 
5 218 233 280 249 264 260 222 253 6 
4 81 88 62 67 110 62 99 86 0 
2 268 291 336 288 349 326 389 356 6 
2 33 15 41 65 54 38 48 44 1 
0 16 27 19 20 49 19 44 28 0 
0 30 4 39 29 34 22 13 13 0 
0 11 14 10 13 38 43 20 44 1 
2 176 192 265 290 362 221 183 216 6 
0 26 27 56 13 29 45 37 38 0 
0 30 27 39 32 52 59 53 33 1 
0 11 22 16 21 24 35 8 6 0 
11 264 331 457 321 503 507 386 484 6 
1 15 34 24 40 36 50 54 53 0 
3 61 42 109 48 88 76 65 80 1 
2 178 184 253 264 264 250 180 331 7 
0 222 212 322 232 327 331 332 364 11 
0 26 13 21 20 38 34 35 14 0 
0 11 3 2 4 19 39 16 22 0 
0 10 1 21 18 27 4 6 5 0 
1 125 145 175 202 263 237 227 233 6 
3 192 224 241 201 311 289 238 241 3 
12 456 537 700 669 878 630 563 620 17 
1 23 46 27 60 38 60 62 37 0 
0 66 72 109 76 84 91 85 88 1 
4 135 135 218 203 308 220 185 243 5 
9 517 624 821 638 797 754 661 677 13 
0 9 8 37 33 30 29 29 39 1 
1 43 28 48 30 71 20 12 38 0 
4 262 169 203 257 260 226 212 235 9 
15 624 585 859 882 1175 1047 1076 1060 31 
16 987 881 1164 1060 1347 1198 1115 1252 62 
2 133 108 153 160 207 127 116 128 10 
0 27 31 50 41 54 25 37 41 0 
0 80 52 56 67 110 106 66 73 2 
3 326 335 465 363 457 492 406 410 21 
5 415 472 619 518 687 546 537 549 24 
0 41 32 70 58 56 51 70 81 0 
3 34 51 33 46 93 64 75 71 0 
1 27 20 46 41 34 63 47 48 1 
0 95 105 121 114 173 140 123 158 6 
0 46 17 18 30 34 26 40 27 0 
0 28 22 37 27 37 43 38 39 0 
0 5 14 9 13 27 26 17 27 3 
0 17 18 42 17 32 18 15 19 0 
3 85 74 89 78 93 75 115 99 3 
0 100 105 132 107 149 122 116 102 3 
2 83 94 128 107 136 124 125 113 4 
1 42 56 63 48 80 54 52 30 6 
0 74 57 86 78 96 90 101 108 1 
2 43 46 67 42 29 46 38 24 2 
0 10 15 20 40 35 34 25 38 0 
7 205 199 336 251 329 330 245 285 2 
1 94 105 132 136 139 109 119 144 1 
6 338 344 394 416 449 459 436 453 15 
0 35 14 15 34 47 31 16 49 2 
5 61 34 62 54 66 92 103 86 4 
2 149 116 230 188 199 226 221 238 9 
0 13 6 10 10 24 18 15 18 0 
0 297 301 593 370 498 436 541 745 3 
0 67 55 83 114 137 141 119 223 0 
0 74 98 289 106 117 93 164 184 0 
4 112 166 247 174 198 155 161 221 1 
0 118 136 356 154 200 159 253 308 2 
0 38 38 56 39 84 52 50 152 1 
2 178 184 253 264 264 250 180 331 7 
11 118 121 116 87 150 143 105 146 3 
2 68 50 89 68 88 81 65 112 7 
7 309 292 507 439 588 508 464 560 8 
0 28 36 76 60 60 85 64 125 2 
6 281 309 418 392 440 401 338 545 15 
2 176 192 265 290 362 221 183 216 6 
1 43 28 48 30 71 20 12 38 0 
0 95 125 145 102 162 201 181 197 0 
12 456 537 700 669 878 630 563 620 17 
4 185 200 291 186 341 237 235 241 2 
9 517 624 821 638 797 754 661 677 13 
10 767 931 1306 1165 1422 1316 1142 1059 35 
0 22 23 36 26 35 26 46 48 0 
1 36 30 63 36 105 57 52 61 1 
3 113 121 162 125 199 146 106 175 2 
5 26 48 36 59 82 47 56 48 0 
1 235 185 387 332 417 426 412 364 4 
8 277 325 415 384 505 481 482 527 16 
0 222 212 322 232 327 331 332 364 11 
0 1 1 9 3 33 5 3 36 0 
0 18 6 26 16 10 12 8 15 0 
1 170 229 353 220 318 316 339 372 12 
10 380 422 572 517 649 626 555 611 29 
0 7 15 118 149 160 73 44 32 1 
0 22 23 133 122 114 118 47 39 1 
0 30 4 126 69 50 58 38 33 0 
2 33 69 69 72 82 78 71 41 3 
0 15 18 106 30 46 63 94 41 2 
33 1278 1340 1910 1498 1997 2078 2043 2240 84 
6 270 226 277 190 235 192 190 141 11 
0 11 0 24 22 10 23 8 3 0 
5 705 931 1114 1152 1173 913 921 947 28 
0 3 1 16 2 13 29 21 8 0 
12 64 87 88 62 102 126 84 105 0 
2 79 107 123 129 182 154 122 138 7 
1 42 53 58 48 58 117 101 89 5 
18 227 241 319 281 331 339 241 306 9 
1 177 169 260 226 257 258 279 254 6 
1 214 193 260 194 277 330 376 334 25 
1 27 42 51 46 78 43 32 61 1 
0 7 7 4 8 11 13 9 5 0 
4 314 426 432 396 545 459 449 486 17 
0 66 88 140 108 240 166 169 163 11 
0 65 41 118 89 134 82 53 82 2 
8 277 325 415 384 505 481 482 527 16 
1 114 135 199 157 205 247 202 270 6 
0 14 25 11 27 64 15 97 8 0 
5 94 130 153 115 153 163 164 156 3 
29 1672 1987 2492 2125 2893 2501 2399 2628 77 
0 4 9 8 4 7 21 3 28 2 
0 8 10 34 33 43 25 27 40 0 
6 338 344 394 416 449 459 436 453 15 
0 17 25 31 26 19 20 21 12 0 
2 204 187 182 164 287 149 181 124 4 
1 86 92 95 143 148 131 105 95 4 
3 71 40 71 80 124 71 98 61 8 
2 105 76 66 87 98 49 78 43 2 
0 34 25 59 42 78 101 45 59 2 
7 324 418 384 289 477 328 322 328 10 
2 345 348 382 449 492 404 384 413 17 
20 365 283 359 301 474 601 436 391 21 
2 187 184 231 131 198 161 159 167 4 
5 415 472 619 518 687 546 537 549 24 
1 16 20 9 41 9 18 16 27 3 
1 56 62 56 78 117 88 68 66 1 
1 70 96 91 78 129 105 111 122 4 
0 27 26 39 15 35 9 13 20 1 
0 33 29 24 26 36 15 18 24 11 
0 10 12 13 23 37 48 17 26 0 
0 49 55 68 43 79 84 79 78 1 
6 138 181 253 218 273 343 317 246 11 
0 26 19 11 2 32 6 3 1 0 
3 128 167 214 180 243 211 184 228 11 
5 292 369 500 355 514 501 424 480 11 
1 347 375 386 355 430 458 394 341 15 
44 1720 1823 2499 1961 2406 2558 2294 2489 99 
2 83 94 128 107 136 124 125 113 4 
1 61 45 36 56 120 37 32 35 15 
2 53 66 68 62 77 86 107 77 4 
9 517 624 821 638 797 754 661 677 13 
4 704 799 995 713 933 916 860 824 40 
5 136 124 107 160 157 169 145 131 7 
3 295 274 346 297 374 354 370 418 15 
8 261 324 414 346 612 431 449 541 21 
0 75 59 115 79 162 131 142 141 9 
0 55 79 87 90 191 138 122 119 16 
1 34 74 69 59 98 87 79 107 5 
1 60 64 102 68 123 99 86 115 4 
2 92 185 282 161 207 157 156 145 7 
0 47 52 115 69 131 102 82 123 7 
4 314 426 432 396 545 459 449 486 17 
6 177 223 248 144 269 250 211 227 2 
2 149 204 284 235 369 271 240 352 14 
6 138 181 253 218 273 343 317 246 11 
2 51 88 86 86 111 82 96 107 7 
1 29 31 51 46 65 67 69 58 2 
3 92 115 137 169 213 204 238 206 9 
0 58 53 89 82 94 110 92 124 7 
0 122 101 189 150 301 248 248 273 13 
1 170 229 353 220 318 316 339 372 12 
26 803 1025 1469 1238 1910 1666 1642 1925 69 
1 54 95 161 119 169 161 171 219 12 
0 109 125 199 165 189 208 229 259 6 
1 191 198 247 201 297 247 195 168 3 
2 123 142 207 173 364 326 324 420 53 
4 170 229 262 287 276 276 245 302 9 
2 83 84 170 111 189 145 153 152 8 
1 20 53 52 44 64 67 72 87 4 
0 161 166 204 156 245 188 167 141 2 
0 222 212 322 232 327 331 332 364 11 
1 12 21 36 32 50 50 49 42 0 
1 18 49 66 60 48 65 58 58 1 
1 27 64 106 73 78 73 66 109 8 
4 159 156 187 212 184 138 103 140 2 
5 122 107 82 79 177 133 91 95 0 
2 101 114 103 111 121 125 125 148 0 
10 632 653 822 763 899 795 777 786 29 
0 48 44 33 35 61 42 36 41 15 
0 34 38 24 22 55 36 34 30 0 
0 20 26 32 25 27 30 62 62 0 
1 44 66 37 57 61 59 81 52 3 
20 604 687 948 736 846 770 644 739 27 
1 115 118 82 145 68 58 103 134 0 
2 126 106 184 151 265 189 198 224 6 
0 94 86 156 143 122 131 126 169 2 
0 32 38 25 16 17 14 11 32 0 
3 295 274 346 297 374 354 370 418 15 
0 41 27 31 29 31 22 52 60 3 
7 309 292 507 439 588 508 464 560 8 
0 48 46 82 67 71 75 73 88 0 
0 11 14 17 22 15 31 30 37 0 
8 277 325 415 384 505 481 482 527 16 
0 9 8 4 12 23 33 22 17 15 
2 119 114 204 133 165 185 220 186 12 
0 108 54 91 91 24 43 108 105 6 
5 187 305 373 299 394 445 359 321 10 
1 43 64 76 66 97 59 66 86 11 
3 192 224 241 201 311 289 238 241 3 
5 343 360 446 343 456 354 344 330 12 
8 552 475 590 693 718 667 578 636 18 
0 23 13 20 11 14 6 29 25 3 
12 157 210 191 209 185 179 150 158 5 
0 31 19 22 13 10 16 5 23 0 
0 307 348 442 353 477 491 372 408 32 
9 388 355 465 418 556 511 485 557 26 
0 73 104 130 108 146 114 94 93 3 
5 205 313 366 355 406 443 354 371 16 
0 102 104 152 133 158 198 201 158 3 
1 105 115 190 173 228 187 209 208 20 
2 114 121 185 162 169 218 231 225 7 
3 180 237 277 268 396 357 340 301 12 
1 228 236 365 307 357 383 353 346 12 
1 117 174 219 184 237 273 209 204 15 
2 272 210 259 236 273 301 233 251 11 
1 58 55 91 87 79 90 97 95 1 
5 112 132 114 90 87 82 92 91 2 
5 88 92 152 142 189 169 227 153 6 
0 46 79 128 65 118 106 116 105 5 
44 1720 1823 2499 1961 2406 2558 2294 2489 99 
3 92 115 137 169 213 204 238 206 9 
1 114 188 261 197 229 234 229 250 9 
0 55 81 120 99 118 135 131 111 9 
2 75 99 141 106 143 169 140 131 6 
1 112 157 142 83 99 141 96 146 6 
0 49 67 106 78 79 85 77 95 14 
0 36 48 81 84 83 86 69 107 5 
4 228 199 269 254 284 297 250 299 5 
8 351 354 494 453 555 585 536 562 22 
0 20 18 48 23 42 49 28 38 4 
8 219 229 270 237 543 364 345 406 14 
1 49 40 57 46 71 66 67 62 1 
3 157 226 308 251 323 343 328 277 22 
7 359 442 575 539 656 492 526 524 14 
20 365 283 359 301 474 601 436 391 21 
65 3054 3637 4377 3874 4895 4470 4335 4393 137 
3 61 86 88 76 86 84 47 68 2 
6 270 226 277 190 235 192 190 141 11 
2 139 86 140 161 244 279 252 213 12 
19 413 418 519 359 455 567 446 482 32 
3 295 274 346 297 374 354 370 418 15 
0 27 29 48 50 45 47 31 31 4 
0 77 125 155 171 181 172 160 142 0 
0 83 63 178 106 106 108 99 93 5 
0 27 25 34 30 43 36 40 32 12 
6 138 181 253 218 273 343 317 246 11 
1 347 375 386 355 430 458 394 341 15 
3 109 114 163 125 158 133 153 120 14 
1 237 267 280 282 322 334 269 246 12 
0 52 84 53 46 54 55 27 57 0 
0 10 24 17 26 24 27 39 40 1 
8 270 307 479 414 528 441 407 448 15 
2 88 82 122 103 118 120 123 107 4 
1 235 185 387 332 417 426 412 364 4 
4 22 13 12 10 13 35 20 20 0 
0 17 28 82 21 29 43 27 27 1 
0 27 11 15 11 18 34 8 9 0 
6 412 555 584 525 726 640 632 651 24 
0 67 4 21 4 10 8 12 11 0 
0 59 39 43 34 30 54 15 17 1 
0 40 44 28 12 53 29 15 9 0 
1 22 62 57 36 58 35 26 30 9 
5 278 318 399 351 428 386 337 370 11 
2 247 250 339 260 398 374 360 323 15 
3 123 152 227 235 175 224 200 152 5 
5 133 209 198 185 247 168 190 234 6 
0 2 27 151 59 82 63 47 67 0 
6 208 284 425 419 288 364 333 274 6 
2 223 208 264 223 337 421 362 313 6 
0 76 63 94 75 112 161 142 103 1 
0 25 51 59 34 32 33 25 31 0 
3 73 112 155 122 158 140 124 152 8 
12 229 331 398 374 429 533 398 496 10 
1 23 24 34 13 31 40 11 18 0 
0 5 15 29 24 17 6 7 19 0 
8 105 181 231 146 170 195 121 176 1 
9 517 624 821 638 797 754 661 677 13 
0 11 26 18 26 22 7 6 10 0 
0 10 8 16 17 7 3 14 18 0 
0 21 37 27 36 38 17 15 33 0 
3 128 167 214 180 243 211 184 228 11 
0 43 50 71 56 72 96 49 62 8 
1 67 80 155 61 130 169 68 81 3 
5 186 270 276 243 313 223 237 309 7 
8 277 325 415 384 505 481 482 527 16 
0 56 65 60 82 71 55 46 62 6 
0 0 0 0 0 0 0 0 0 0 
0 13 14 14 18 28 13 6 3 0 
0 19 32 38 47 24 31 47 46 1 
3 28 40 62 55 60 74 77 52 0 
6 272 244 354 300 344 429 360 410 7 
0 330 433 494 449 532 445 437 436 5 
3 180 237 277 268 396 357 340 301 12 
0 9 12 24 24 3 2 10 11 0 
0 87 151 153 128 157 250 263 228 17 
4 38 125 117 75 96 121 126 162 7 
6 167 158 270 197 313 285 250 263 12 
0 13 51 49 17 36 50 46 66 1 
0 21 19 29 31 42 73 61 55 1 
1 40 75 135 147 235 253 174 285 2 
6 210 235 324 261 388 353 348 334 20 
1 23 18 29 49 62 37 37 48 4 
0 13 24 22 6 28 25 23 35 0 
0 3 8 12 2 24 19 25 30 2 
0 44 32 50 19 56 37 29 56 0 
5 348 375 467 296 389 523 327 284 8 
0 13 6 15 11 17 17 29 30 0 
1 67 90 105 79 97 90 97 61 5 
3 44 54 88 77 83 73 70 66 5 
2 53 100 83 76 115 100 75 128 2 
0 12 4 17 14 26 12 27 40 0 
0 4 6 4 5 12 31 10 21 0 
0 16 7 12 4 5 7 4 34 0 
0 15 11 17 11 39 28 27 33 1 
0 21 9 20 18 19 22 18 23 0 
2 114 121 185 162 169 218 231 225 7 
6 338 344 394 416 449 459 436 453 15 
0 32 25 29 23 41 20 39 20 1 
12 229 331 398 374 429 533 398 496 10 
2 52 49 96 63 131 121 142 165 2 
0 49 44 78 64 75 108 92 117 5 
0 11 25 34 37 43 25 31 39 4 
0 226 163 175 155 161 216 245 217 3 
0 48 103 129 111 150 126 129 150 8 
6 338 344 394 416 449 459 436 453 15 
3 192 224 241 201 311 289 238 241 3 
10 492 496 617 581 747 690 673 748 24 
1 100 133 184 164 196 164 170 179 5 
0 55 56 69 48 69 80 59 92 3 
0 53 73 105 59 86 109 61 96 2 
2 126 106 184 151 265 189 198 224 6 
5 169 239 260 263 321 258 261 298 2 
2 147 177 324 234 316 262 250 309 6 
10 282 303 459 387 469 492 450 516 19 
0 113 109 145 148 171 168 162 141 7 
2 151 137 218 192 289 254 200 243 14 
3 113 132 161 150 167 175 125 148 3 
0 37 46 67 43 71 51 78 73 13 
2 272 210 259 236 273 301 233 251 11 
1 70 89 114 79 110 84 101 93 3 
1 40 53 66 32 91 101 79 78 2 
2 84 86 111 90 119 109 97 120 2 
0 15 28 55 33 42 50 27 59 0 
0 94 146 110 123 209 170 124 141 0 
0 20 19 40 52 36 91 75 83 3 
1 111 116 149 118 201 161 152 177 4 
3 157 226 308 251 323 343 328 277 22 
8 351 354 494 453 555 585 536 562 22 
0 42 56 74 78 111 120 112 104 1 
1 21 30 50 27 47 35 36 12 1 
0 54 56 106 46 80 62 64 43 0 
1 97 86 137 129 150 151 168 149 3 
2 52 49 96 63 131 121 142 165 2 
1 42 53 58 48 58 117 101 89 5 
17 618 524 805 518 489 532 455 416 3 
5 148 115 197 139 142 179 118 156 3 
1 102 118 139 148 217 175 147 231 2 
5 133 209 198 185 247 168 190 234 6 
1 62 93 103 94 123 126 103 120 3 
0 9 6 79 67 20 44 48 57 0 
2 153 174 250 205 175 196 134 140 2 
12 456 537 700 669 878 630 563 620 17 
0 115 126 180 105 125 129 115 166 8 
0 18 44 130 91 57 81 103 76 1 
0 66 72 109 76 84 91 85 88 1 
0 4 6 21 21 29 42 6 22 0 
2 176 192 265 290 362 221 183 216 6 
0 13 32 67 24 34 39 29 36 3 
5 238 253 273 199 255 198 162 184 3 
10 380 422 572 517 649 626 555 611 29 
1 53 50 107 78 77 62 89 76 1 
5 415 472 619 518 687 546 537 549 24 
9 381 437 511 437 524 530 412 430 20 
8 351 354 494 453 555 585 536 562 22 
0 6 23 42 37 58 71 13 30 0 
0 47 15 23 23 11 27 34 43 0 
0 16 32 89 60 30 34 34 55 0 
0 23 17 43 25 24 24 20 45 1 
2 68 50 89 68 88 81 65 112 7 
8 277 325 415 384 505 481 482 527 16 
0 35 26 37 24 30 29 39 19 1 
26 1211 1436 1546 1382 1756 1452 1348 1531 32 
0 6 5 14 4 17 75 21 14 0 
0 93 108 103 88 117 133 104 138 7 
4 90 57 120 101 167 97 42 104 0 
4 74 66 64 69 122 89 55 52 0 
1 103 131 136 129 169 130 158 155 5 
2 29 26 26 36 38 75 47 23 0 
1 98 64 118 125 114 85 140 75 1 
1 120 58 131 81 142 101 58 65 0 
0 33 25 23 44 45 40 20 16 0 
2 70 55 62 71 65 55 41 46 0 
0 24 10 33 33 37 23 44 17 0 
0 55 16 45 38 45 26 21 25 0 
7 205 199 336 251 329 330 245 285 2 
4 314 426 432 396 545 459 449 486 17 
0 42 46 43 57 67 30 29 24 2 
1 42 56 63 48 80 54 52 30 6 
12 64 87 88 62 102 126 84 105 0 
2 133 108 153 160 207 127 116 128 10 
1 41 46 50 57 74 67 59 81 2 
0 57 61 64 45 83 72 32 22 1 
1 16 17 20 48 33 20 17 5 0 
0 51 33 21 28 73 55 37 35 2 
2 93 128 157 140 222 213 206 147 13 
13 282 277 443 253 401 345 309 300 11 
0 19 73 118 99 80 54 42 27 1 
1 28 76 47 23 33 26 16 23 1 
1 3 8 10 26 21 7 3 2 0 
0 33 34 60 36 60 57 53 65 2 
20 604 687 948 736 846 770 644 739 27 
6 166 181 253 246 225 183 238 252 3 
9 307 414 386 355 342 218 143 125 0 
7 121 146 143 121 149 168 92 172 1 
9 396 415 623 417 480 466 382 392 14 
0 70 66 79 137 132 140 112 179 12 
0 12 116 72 14 36 78 61 87 15 
12 157 210 191 209 185 179 150 158 5 
7 155 189 203 123 201 129 104 140 6 
6 177 223 248 144 269 250 211 227 2 
2 76 99 201 115 166 141 114 103 5 
0 28 80 74 32 28 36 13 25 0 
5 94 130 153 115 153 163 164 156 3 
2 468 450 513 582 614 643 546 566 24 
2 61 64 78 61 72 68 56 71 0 
3 153 204 236 214 310 334 276 354 8 
0 18 15 30 39 29 32 29 57 6 
3 69 88 150 121 124 128 115 115 0 
0 28 33 44 29 32 37 42 51 0 
4 314 426 432 396 545 459 449 486 17 
0 222 212 322 232 327 331 332 364 11 
10 380 422 572 517 649 626 555 611 29 
11 452 478 838 598 780 673 672 780 59 
12 456 537 700 669 878 630 563 620 17 
3 189 226 277 229 312 316 187 224 5 
4 5 15 36 35 60 45 36 60 0 
2 70 110 161 140 162 155 130 178 4 
4 106 145 204 169 232 224 202 278 7 
7 165 187 252 222 312 236 299 323 17 
1 135 139 178 137 182 161 144 151 5 
1 38 24 39 41 54 57 49 75 2 
9 335 432 675 570 652 587 544 557 13 
19 413 418 519 359 455 567 446 482 32 
3 160 186 240 223 276 236 226 244 11 
1 70 103 92 49 115 63 109 95 5 
0 39 16 45 43 41 25 73 48 4 
2 92 96 152 87 163 135 104 147 8 
3 73 112 155 122 158 140 124 152 8 
0 16 12 33 29 33 27 38 28 0 
0 13 18 17 18 42 11 22 17 1 
11 264 331 457 321 503 507 386 484 6 
3 128 167 214 180 243 211 184 228 11 
0 31 15 35 34 24 13 47 33 0 
4 92 55 47 67 59 65 58 57 5 
1 54 59 83 38 66 81 92 82 3 
0 10 6 15 8 12 19 9 22 0 
5 94 130 153 115 153 163 164 156 3 
0 13 10 33 11 12 18 13 11 0 
4 130 148 197 138 184 121 120 134 7 
8 552 475 590 693 718 667 578 636 18 
13 282 277 443 253 401 345 309 300 11 
0 14 26 26 18 30 19 18 37 1 
0 44 55 30 44 34 30 40 48 3 
0 23 23 35 28 15 31 22 27 0 
12 157 210 191 209 185 179 150 158 5 
0 8 6 13 1 24 9 14 3 0 
6 167 158 270 197 313 285 250 263 12 
3 21 48 47 50 101 96 55 94 2 
4 159 156 187 212 184 138 103 140 2 
5 343 360 446 343 456 354 344 330 12 
12 229 331 398 374 429 533 398 496 10 
2 345 348 382 449 492 404 384 413 17 
0 66 88 140 108 240 166 169 163 11 
0 4 23 18 4 8 0 8 7 0 
5 348 375 467 296 389 523 327 284 8 
0 147 190 210 103 141 220 109 85 1 
2 139 86 140 161 244 279 252 213 12 
4 346 604 584 529 626 562 403 388 15 
5 238 253 273 199 255 198 162 184 3 
5 205 313 366 355 406 443 354 371 16 
1 67 80 155 61 130 169 68 81 3 
1 117 151 108 128 180 126 146 166 4 
3 189 226 277 229 312 316 187 224 5 
2 122 128 171 143 175 181 152 162 4 
8 325 372 384 327 343 304 247 260 10 
0 30 41 99 55 65 47 37 66 2 
8 234 236 404 335 382 427 386 323 16 
0 19 28 31 9 22 42 18 15 0 
8 389 464 605 507 580 634 530 590 24 
3 239 277 330 321 444 338 407 348 18 
2 151 137 218 192 289 254 200 243 14 
0 1 4 5 1 5 63 18 11 0 
6 252 279 298 228 729 370 410 393 24 
0 5 5 63 12 19 42 10 2 0 
5 190 253 258 196 288 258 238 212 5 
1 223 216 206 218 247 230 332 354 14 
1 181 107 162 137 270 280 182 113 0 
6 286 269 472 360 430 440 361 355 17 
32 1697 1810 2517 2117 2657 2629 2263 2472 90 
12 157 210 191 209 185 179 150 158 5 
0 1 8 2 2 24 20 5 1 0 
8 105 181 231 146 170 195 121 176 1 
0 10 7 32 11 1 1 8 1 0 
6 167 158 270 197 313 285 250 263 12 
2 245 213 312 218 338 263 316 341 8 
11 222 255 281 335 391 308 346 254 2 
11 264 331 457 321 503 507 386 484 6 
6 80 80 105 102 139 109 116 84 1 
2 48 70 82 63 117 59 74 80 0 
12 64 87 88 62 102 126 84 105 0 
2 145 136 236 159 172 203 267 260 38 
2 16 20 30 27 35 20 26 32 0 
2 119 138 134 93 151 127 95 164 10 
0 26 29 16 30 22 49 37 36 0 
7 28 42 28 13 36 35 19 25 0 
0 83 99 166 90 109 127 145 176 35 
2 66 76 59 80 86 65 138 120 3 
1 235 185 387 332 417 426 412 364 4 
4 112 166 247 174 198 155 161 221 1 
0 25 32 89 30 76 63 60 97 3 
2 75 79 115 101 90 91 128 127 0 
1 125 145 175 202 263 237 227 233 6 
1 98 64 118 125 114 85 140 75 1 
5 194 271 260 260 300 308 302 314 6 
2 90 112 125 136 144 132 141 142 4 
9 517 624 821 638 797 754 661 677 13 
0 20 24 34 20 58 64 39 50 1 
20 604 687 948 736 846 770 644 739 27 
0 31 36 35 25 74 36 57 80 0 
2 171 167 215 204 214 238 193 205 2 
1 34 45 74 54 38 57 57 38 1 
0 13 27 36 24 33 36 37 46 0 
0 11 26 16 7 2 19 1 26 0 
8 277 325 415 384 505 481 482 527 16 
0 74 98 289 106 117 93 164 184 0 
2 92 185 282 161 207 157 156 145 7 
0 19 30 82 33 43 34 21 20 0 
1 50 69 140 94 76 66 76 53 2 
0 13 69 90 46 54 40 48 21 1 
3 54 78 115 55 138 100 93 99 13 
0 7 54 62 18 78 2 55 9 2 
0 11 18 60 6 17 7 35 19 0 
4 44 60 65 61 81 103 109 68 4 
45 1741 1856 2558 1948 2667 2179 2241 2366 96 
0 33 72 54 59 108 99 109 59 7 
0 1 21 28 6 26 0 48 3 0 
0 10 18 46 5 16 5 34 19 0 
3 157 226 308 251 323 343 328 277 22 
7 85 105 163 118 182 162 130 121 11 
0 17 25 19 15 36 7 9 8 1 
1 30 65 86 79 87 88 80 46 4 
0 42 61 53 68 92 62 96 68 0 
5 18 21 15 26 51 20 38 19 1 
6 180 206 314 220 262 226 224 297 23 
26 803 1025 1469 1238 1910 1666 1642 1925 69 
1 170 229 353 220 318 316 339 372 12 
0 0 0 42 0 0 0 37 0 0 
0 12 23 60 45 25 12 26 24 0 
8 261 324 414 346 612 431 449 541 21 
0 34 19 32 15 39 30 24 46 2 
1 27 64 106 73 78 73 66 109 8 
2 83 84 170 111 189 145 153 152 8 
0 47 52 115 69 131 102 82 123 7 
0 8 4 24 9 7 9 14 7 0 
1 163 117 166 203 205 187 213 252 3 
0 17 23 20 27 38 41 58 45 12 
1 28 33 37 53 44 39 56 84 2 
2 66 76 59 80 86 65 138 120 3 
2 24 31 55 48 82 51 146 174 14 
0 39 59 70 54 64 53 80 78 2 
4 34 21 34 21 36 48 57 36 1 
0 10 34 17 6 34 16 7 37 2 
1 30 33 24 23 23 36 37 44 0 
7 165 187 252 222 312 236 299 323 17 
3 8 37 22 21 16 9 36 13 2 
0 14 15 19 20 43 20 75 91 8 
0 18 9 25 16 21 15 26 32 1 
3 15 39 27 16 21 27 31 23 0 
1 54 56 36 30 34 36 27 47 0 
0 19 38 38 45 50 39 30 33 0 
0 10 6 22 10 9 29 16 21 0 
0 10 18 15 5 10 23 20 12 1 
0 17 30 12 16 28 24 34 63 0 
11 222 255 281 335 391 308 346 254 2 
1 6 11 22 10 26 24 10 26 0 
6 80 80 105 102 139 109 116 84 1 
2 268 291 336 288 349 326 389 356 6 
5 11 6 12 15 18 16 23 5 0 
0 7 8 13 8 8 0 13 6 0 
3 326 422 518 425 757 530 573 614 21 
26 1211 1436 1546 1382 1756 1452 1348 1531 32 
0 3 8 10 6 2 21 12 12 0 
0 0 6 3 1 0 2 10 21 0 
4 112 166 247 174 198 155 161 221 1 
15 378 462 484 335 529 443 437 414 14 
5 190 253 258 196 288 258 238 212 5 
0 198 280 250 207 354 272 310 327 4 
0 32 40 72 18 69 40 73 60 0 
5 348 375 467 296 389 523 327 284 8 
0 33 55 69 22 51 26 23 3 0 
4 100 180 444 381 569 501 335 380 11 
0 65 81 79 69 89 74 52 39 0 
0 0 0 0 0 0 120 0 0 0 
4 151 195 294 241 294 328 287 318 8 
0 39 54 78 26 104 49 89 78 0 
5 205 313 366 355 406 443 354 371 16 
3 189 226 277 229 312 316 187 224 5 
4 346 604 584 529 626 562 403 388 15 
0 64 82 90 58 75 113 56 80 1 
7 324 418 384 289 477 328 322 328 10 
26 1211 1436 1546 1382 1756 1452 1348 1531 32 
6 167 158 270 197 313 285 250 263 12 
1 54 63 60 60 38 106 38 15 1 
3 295 274 346 297 374 354 370 418 15 
2 272 210 259 236 273 301 233 251 11 
0 28 4 8 6 135 242 317 359 1 
0 45 23 36 40 44 72 19 34 0 
1 21 23 21 15 19 52 24 14 0 
1 166 181 233 191 272 280 262 216 12 
3 44 54 88 77 83 73 70 66 5 
9 255 275 416 293 455 284 404 421 11 
2 114 88 149 127 185 157 163 168 7 
0 47 35 24 24 40 52 24 68 0 
1 128 129 149 148 180 228 169 191 11 
4 286 372 452 323 610 446 374 450 10 
3 92 123 156 171 153 182 166 171 5 
0 226 163 175 155 161 216 245 217 3 
0 40 53 67 82 84 95 158 120 2 
0 54 80 83 59 105 89 102 65 4 
0 60 84 65 43 95 113 71 127 1 
13 282 277 443 253 401 345 309 300 11 
8 552 475 590 693 718 667 578 636 18 
0 30 48 75 69 91 80 57 60 0 
2 468 450 513 582 614 643 546 566 24 
10 767 931 1306 1165 1422 1316 1142 1059 35 
11 118 121 116 87 150 143 105 146 3 
0 60 44 71 65 53 63 57 53 1 
8 277 325 415 384 505 481 482 527 16 
0 43 40 37 55 55 60 59 58 0 
5 187 305 373 299 394 445 359 321 10 
0 28 12 20 18 47 17 28 27 0 
1 235 185 387 332 417 426 412 364 4 
9 517 624 821 638 797 754 661 677 13 
0 25 31 41 23 46 48 31 60 1 
3 61 42 109 48 88 76 65 80 1 
3 237 226 325 284 409 357 301 381 6 
0 12 23 25 24 27 26 28 43 5 
0 74 61 78 59 58 76 97 82 2 
1 42 55 65 30 54 47 54 88 3 
0 35 14 15 34 47 31 16 49 2 
0 30 16 28 26 39 39 30 46 1 
3 80 79 86 87 133 105 96 144 17 
3 215 236 268 216 272 252 247 176 2 
1 110 136 136 154 222 169 214 173 3 
1 223 249 314 319 424 472 417 495 5 
0 64 52 77 106 147 130 141 137 2 
0 102 104 152 133 158 198 201 158 3 
26 803 1025 1469 1238 1910 1666 1642 1925 69 
0 80 72 113 110 203 192 150 180 4 
0 109 125 199 165 189 208 229 259 6 
8 351 354 494 453 555 585 536 562 22 
0 36 31 60 49 70 71 78 86 4 
0 76 86 131 113 155 169 106 137 12 
1 57 57 69 79 107 94 58 108 2 
4 151 195 294 241 294 328 287 318 8 
2 151 137 218 192 289 254 200 243 14 
8 219 229 270 237 543 364 345 406 14 
3 84 105 102 72 548 141 122 143 8 
44 1720 1823 2499 1961 2406 2558 2294 2489 99 
0 33 45 53 48 70 73 97 74 0 
2 114 121 185 162 169 218 231 225 7 
0 19 26 39 23 49 75 77 63 0 
9 470 497 772 691 947 789 733 844 24 
0 62 79 117 104 138 110 121 125 8 
0 36 46 54 47 45 54 56 56 1 
6 59 63 57 84 89 72 88 97 4 
4 380 399 503 317 354 311 234 271 6 
1 58 55 91 87 79 90 97 95 1 
1 18 25 30 28 52 55 39 51 0 
0 30 37 57 45 60 67 75 110 1 
2 105 124 173 147 153 176 185 191 11 
0 73 104 130 108 146 114 94 93 3 
0 6 10 19 18 42 43 36 48 0 
0 46 79 128 65 118 106 116 105 5 
1 82 143 199 181 150 187 152 137 3 
1 72 173 131 159 92 125 122 71 5 
0 61 70 75 75 75 93 80 55 1 
0 132 110 156 133 132 135 143 102 1 
2 85 133 149 107 108 143 111 118 4 
0 15 43 29 56 34 34 22 24 4 
0 49 25 40 46 27 52 22 23 1 
1 51 60 54 39 69 83 66 37 0 
3 215 236 268 216 272 252 247 176 2 
0 17 45 33 30 18 23 41 21 0 
4 84 89 106 86 99 75 88 112 1 
0 186 229 316 227 324 280 243 245 19 
0 68 67 99 83 107 101 63 66 0 
1 21 31 66 50 456 68 86 47 0 
1 54 38 91 58 52 64 50 42 6 
2 135 148 241 167 227 208 169 194 8 
0 64 82 90 58 75 113 56 80 1 
4 273 288 332 325 406 359 306 364 3 
0 19 38 38 45 50 39 30 33 0 
0 98 124 170 143 149 154 149 175 8 
4 220 316 324 278 399 344 408 414 13 
2 468 450 513 582 614 643 546 566 24 
0 30 31 40 35 46 33 40 44 1 
0 17 20 20 23 28 34 26 33 0 
12 566 565 772 607 849 868 761 754 48 
0 28 21 34 28 23 25 20 24 0 
0 18 32 12 14 35 24 10 13 0 
0 16 17 25 16 13 21 33 23 6 
3 326 422 518 425 757 530 573 614 21 
1 161 141 200 188 161 184 199 158 1 
0 109 125 199 165 189 208 229 259 6 
1 228 236 365 307 357 383 353 346 12 
4 170 229 262 287 276 276 245 302 9 
11 452 478 838 598 780 673 672 780 59 
5 48 78 65 69 479 63 82 65 3 
0 55 79 87 90 191 138 122 119 16 
2 83 84 170 111 189 145 153 152 8 
0 13 69 90 46 54 40 48 21 1 
0 13 18 33 20 30 65 41 33 1 
0 78 112 141 96 139 112 142 105 7 
5 18 21 15 26 51 20 38 19 1 
0 3 13 29 14 19 33 14 31 3 
8 82 126 145 146 145 141 139 155 10 
0 89 77 135 72 97 160 117 110 2 
4 44 60 65 61 81 103 109 68 4 
0 24 34 44 36 31 39 28 37 2 
2 126 121 200 203 209 234 201 214 8 
0 17 12 16 16 16 24 17 13 0 
2 196 252 267 284 354 301 308 314 9 
1 30 65 86 79 87 88 80 46 4 
44 1720 1823 2499 1961 2406 2558 2294 2489 99 
7 651 664 848 732 905 1069 739 872 31 
0 157 134 154 146 286 257 169 282 5 
1 42 53 58 48 58 117 101 89 5 
0 4 7 8 9 24 43 18 7 0 
2 10 19 22 15 31 6 10 20 0 
4 61 94 124 84 158 110 119 90 11 
1 24 59 41 55 49 30 32 36 0 
0 75 59 115 79 162 131 142 141 9 
0 9 23 23 11 22 9 7 14 0 
2 248 304 383 320 411 354 327 436 16 
2 67 72 95 55 73 144 72 86 10 
3 61 50 59 51 59 58 50 78 6 
0 45 81 65 84 136 128 121 105 9 
0 95 125 145 102 162 201 181 197 0 
2 93 128 157 140 222 213 206 147 13 
8 351 354 494 453 555 585 536 562 22 
0 118 125 168 135 137 134 91 158 2 
0 25 15 33 45 36 35 19 33 0 
0 17 22 38 58 40 71 49 58 1 
1 166 198 317 242 340 296 331 326 10 
0 36 48 81 84 83 86 69 107 5 
3 326 422 518 425 757 530 573 614 21 
8 650 844 1091 944 1021 1315 937 969 20 
1 125 145 175 202 263 237 227 233 6 
0 126 118 107 126 137 100 121 184 3 
9 517 624 821 638 797 754 661 677 13 
3 196 284 345 310 390 359 314 339 15 
5 278 318 399 351 428 386 337 370 11 
0 22 56 67 61 73 64 54 60 0 
7 309 292 507 439 588 508 464 560 8 
1 58 54 68 93 90 75 86 75 2 
0 222 212 322 232 327 331 332 364 11 
3 180 237 277 268 396 357 340 301 12 
0 38 37 91 69 92 79 80 96 3 
0 198 280 250 207 354 272 310 327 4 
65 3054 3637 4377 3874 4895 4470 4335 4393 137 
3 215 236 268 216 272 252 247 176 2 
1 210 174 299 223 396 305 316 380 14 
1 223 216 206 218 247 230 332 354 14 
1 36 9 16 10 28 118 68 44 0 
6 272 244 354 300 344 429 360 410 7 
13 282 277 443 253 401 345 309 300 11 
3 34 62 58 51 62 90 41 43 5 
1 62 93 103 94 123 126 103 120 3 
4 57 11 27 21 23 30 49 25 0 
1 23 11 14 12 18 29 24 16 0 
0 4 3 6 23 24 26 47 37 2 
2 468 450 513 582 614 643 546 566 24 
0 222 212 322 232 327 331 332 364 11 
2 166 184 137 183 159 150 157 141 3 
0 99 88 127 107 90 107 119 113 1 
3 53 62 78 68 86 106 79 78 1 
0 53 33 49 43 56 44 44 53 0 
0 29 8 13 6 11 17 9 11 0 
0 7 5 19 12 28 36 29 33 0 
0 123 85 72 79 140 101 119 110 4 
1 161 207 244 166 207 188 189 224 24 
1 12 11 16 6 14 25 15 5 0 
0 64 3 4 2 0 2 1 1 0 
0 8 6 15 5 5 7 14 6 0 
5 292 369 500 355 514 501 424 480 11 
2 71 91 75 77 114 110 76 110 6 
0 60 76 86 77 103 89 85 82 5 
0 29 5 11 18 8 9 8 8 0 
0 93 108 103 88 117 133 104 138 7 
0 13 18 33 20 30 65 41 33 1 
3 326 422 518 425 757 530 573 614 21 
4 314 426 432 396 545 459 449 486 17 
0 1 6 5 6 6 5 3 11 0 
1 78 140 173 129 171 153 161 124 0 
3 28 40 62 55 60 74 77 52 0 
4 114 220 262 224 250 264 228 195 0 
2 32 43 43 19 86 29 39 35 0 
0 3 52 32 18 86 44 11 11 0 
0 21 30 42 31 43 35 26 24 0 
2 49 51 72 49 91 66 59 48 0 
6 167 158 270 197 313 285 250 263 12 
0 42 55 74 50 51 47 63 34 0 
4 273 288 332 325 406 359 306 364 3 
5 348 375 467 296 389 523 327 284 8 
5 82 100 135 110 158 141 117 92 2 
1 31 55 80 65 88 56 57 49 0 
9 396 415 623 417 480 466 382 392 14 
0 13 65 4 18 3 10 2 6 0 
1 8 27 24 17 18 31 20 22 0 
0 167 151 242 150 195 172 159 155 1 
0 2 10 13 16 16 16 10 34 0 
0 7 14 23 27 8 9 10 2 0 
0 9 15 19 20 7 11 3 13 0 
0 2 27 151 59 82 63 47 67 0 
0 11 23 19 10 13 40 19 14 1 
1 0 13 22 17 20 7 18 9 0 
1 2 16 31 23 20 40 24 44 0 
0 51 79 150 176 277 292 240 246 6 
1 45 58 59 47 69 93 78 87 1 
0 61 54 13 20 21 19 11 10 0 
0 121 154 232 168 203 150 126 149 5 
0 16 1 24 19 21 27 11 12 0 
0 18 28 20 5 1 1 2 0 0 
19 445 493 625 638 730 742 583 720 20 
20 604 687 948 736 846 770 644 739 27 
0 64 68 80 83 105 113 47 116 2 
0 95 105 121 114 173 140 123 158 6 
4 46 22 76 34 57 27 44 40 1 
2 171 167 215 204 214 238 193 205 2 
0 29 30 41 21 51 46 39 44 0 
0 10 51 22 18 19 35 19 12 0 
0 47 113 75 85 60 100 53 37 0 
6 174 153 200 167 279 273 248 196 21 
0 51 21 46 53 44 66 40 77 2 
3 326 335 465 363 457 492 406 410 21 
6 338 344 394 416 449 459 436 453 15 
5 415 472 619 518 687 546 537 549 24 
1 10 22 37 25 27 27 23 17 2 
6 286 269 472 360 430 440 361 355 17 
4 228 199 269 254 284 297 250 299 5 
3 36 37 58 69 80 88 93 89 6 
2 153 174 250 205 175 196 134 140 2 
26 1211 1436 1546 1382 1756 1452 1348 1531 32 
12 566 565 772 607 849 868 761 754 48 
2 47 53 55 60 64 59 41 53 0 
0 25 17 44 26 35 38 24 16 0 
0 30 41 99 55 65 47 37 66 2 
6 205 209 281 226 256 264 248 263 19 
9 517 624 821 638 797 754 661 677 13 
2 92 102 128 95 131 140 124 157 8 
0 4 6 3 3 22 18 13 19 0 
0 122 101 189 150 301 248 248 273 13 
8 277 325 415 384 505 481 482 527 16 
7 139 246 318 332 295 276 273 421 5 
4 170 229 262 287 276 276 245 302 9 
6 244 377 410 448 493 383 476 399 26 
2 61 123 118 125 144 106 152 109 2 
2 22 54 45 51 57 50 57 94 0 
0 30 63 60 51 58 48 62 72 0 
0 34 132 122 88 60 65 73 111 0 
2 34 78 74 74 102 89 81 169 0 
0 13 25 19 14 55 41 28 30 0 
5 292 369 500 355 514 501 424 480 11 
1 41 53 53 51 39 70 19 22 0 
5 17 22 28 34 33 23 38 46 1 
2 228 237 266 291 277 274 197 285 7 
22 612 778 842 687 994 880 740 925 14 
3 279 338 431 456 598 544 507 565 20 
5 64 116 113 112 113 118 57 63 0 
4 60 60 103 40 86 58 61 87 2 
0 1 23 24 33 20 16 5 8 0 
1 11 31 43 31 51 34 46 41 6 
0 10 19 57 27 23 41 23 24 0 
0 48 48 67 74 68 79 61 123 6 
0 8 23 28 23 22 27 24 49 0 
2 157 254 333 270 258 224 209 288 7 
5 415 472 619 518 687 546 537 549 24 
0 18 22 38 39 30 21 23 51 0 
0 0 0 0 0 0 0 0 96 0 
1 22 62 57 36 58 35 26 30 9 
6 65 104 112 122 129 104 103 112 1 
6 281 309 418 392 440 401 338 545 15 
0 52 84 53 46 54 55 27 57 0 
0 167 151 242 150 195 172 159 155 1 
2 67 55 70 111 72 62 51 42 0 
5 238 253 273 199 255 198 162 184 3 
0 22 38 47 74 39 38 84 42 2 
8 325 372 384 327 343 304 247 260 10 
8 234 236 404 335 382 427 386 323 16 
0 36 27 39 22 59 39 36 26 0 
0 11 21 24 29 18 31 25 33 0 
0 57 22 34 8 15 22 12 15 0 
0 42 19 44 31 48 46 36 12 0 
15 624 585 859 882 1175 1047 1076 1060 31 
5 18 21 38 38 30 60 36 29 0 
1 154 205 237 236 254 256 243 193 4 
4 24 21 30 9 9 33 33 43 0 
6 252 279 298 228 729 370 410 393 24 
1 181 107 162 137 270 280 182 113 0 
2 171 167 215 204 214 238 193 205 2 
0 38 24 31 31 34 31 33 30 0 
1 18 13 16 18 13 18 7 17 0 
1 77 91 146 119 99 102 85 104 13 
1 78 140 173 129 171 153 161 124 0 
1 10 6 20 32 15 33 29 22 0 
0 100 105 132 107 149 122 116 102 3 
2 40 44 53 26 46 41 47 41 0 
1 7 7 19 13 11 13 18 16 1 
4 12 3 8 25 12 15 14 19 0 
0 54 82 65 48 70 84 85 81 0 
0 11 4 14 5 6 12 10 14 0 
0 14 6 19 10 19 31 4 14 0 
0 8 10 18 16 28 36 10 29 0 
2 228 297 287 317 284 260 313 314 11 
6 312 329 442 396 429 434 402 453 18 
0 141 145 242 216 218 251 225 257 12 
1 115 97 134 166 124 145 143 152 9 
0 55 29 62 61 67 63 58 109 0 
5 415 472 619 518 687 546 537 549 24 
0 77 63 111 91 108 92 99 114 5 
2 92 102 128 95 131 140 124 157 8 
3 115 117 192 103 131 123 104 122 4 
0 51 21 46 53 44 66 40 77 2 
1 134 145 151 187 168 153 170 183 9 
16 987 881 1164 1060 1347 1198 1115 1252 62 
65 3054 3637 4377 3874 4895 4470 4335 4393 137 
2 133 108 153 160 207 127 116 128 10 
1 154 205 237 236 254 256 243 193 4 
3 152 138 240 148 152 156 136 152 5 
11 244 374 443 382 507 531 462 379 16 
6 286 269 472 360 430 440 361 355 17 
5 343 360 446 343 456 354 344 330 12 
4 262 169 203 257 260 226 212 235 9 
7 205 199 336 251 329 330 245 285 2 
12 566 565 772 607 849 868 761 754 48 
6 205 209 281 226 256 264 248 263 19 
2 83 94 128 107 136 124 125 113 4 
0 67 54 82 88 60 86 48 73 1 
0 100 105 132 107 149 122 116 102 3 
0 31 12 17 20 16 9 12 30 0 
0 22 26 37 14 22 12 19 15 1 
2 59 64 81 61 64 88 80 88 0 
4 220 316 324 278 399 344 408 414 13 
0 67 206 253 211 202 172 187 206 3 
0 181 191 225 220 255 184 275 194 13 
0 95 103 110 113 111 104 141 94 11 
2 268 291 336 288 349 326 389 356 6 
9 372 459 565 506 699 482 639 702 22 
1 14 47 68 36 22 38 29 53 1 
5 705 931 1114 1152 1173 913 921 947 28 
0 20 33 58 35 37 35 31 46 0 
0 38 83 65 57 60 58 61 60 0 
0 31 40 61 48 19 26 12 21 0 
0 27 51 59 52 66 45 44 87 0 
6 378 439 527 467 614 485 476 437 9 
3 103 114 142 129 151 147 109 115 2 
0 18 44 57 54 63 62 58 38 13 
0 5 36 58 36 47 35 42 58 1 
0 51 84 57 98 92 66 95 81 0 
9 335 432 675 570 652 587 544 557 13 
6 270 226 277 190 235 192 190 141 11 
0 14 23 59 13 30 5 18 25 2 
0 33 21 43 43 18 20 55 10 0 
0 250 189 246 245 130 126 166 122 0 
1 42 41 78 40 81 53 70 53 2 
0 24 41 40 24 24 33 32 24 1 
1 114 188 261 197 229 234 229 250 9 
0 33 26 43 33 23 28 34 20 0 
1 90 153 186 135 177 153 119 123 2 
0 18 30 32 45 36 35 42 38 0 
4 220 316 324 278 399 344 408 414 13 
2 48 60 81 73 70 85 71 71 5 
3 222 225 296 255 276 305 328 290 13 
11 452 478 838 598 780 673 672 780 59 
3 144 107 258 144 232 201 185 189 15 
8 261 324 414 346 612 431 449 541 21 
10 255 270 419 329 456 381 381 393 39 
6 180 206 314 220 262 226 224 297 23 
5 70 84 147 104 142 111 125 170 15 
1 59 80 109 87 132 99 103 148 5 
4 314 426 432 396 545 459 449 486 17 
0 83 99 166 90 109 127 145 176 35 
1 170 229 353 220 318 316 339 372 12 
2 69 114 182 131 167 164 153 163 4 
0 222 212 322 232 327 331 332 364 11 
0 8 31 26 88 168 131 75 66 2 
1 54 95 161 119 169 161 171 219 12 
2 89 83 128 74 110 112 79 73 4 
2 83 84 170 111 189 145 153 152 8 
1 24 23 72 52 86 44 58 105 3 
0 40 44 80 63 97 90 51 75 0 
2 119 114 204 133 165 185 220 186 12 
1 223 216 206 218 247 230 332 354 14 
1 191 198 247 201 297 247 195 168 3 
1 210 174 299 223 396 305 316 380 14 
0 26 22 67 79 51 52 52 57 1 
7 165 187 252 222 312 236 299 323 17 
4 71 102 141 93 127 103 90 130 2 
2 265 254 361 319 434 357 414 351 12 
0 7 5 10 58 16 9 61 34 0 
2 92 185 282 161 207 157 156 145 7 
4 170 229 262 287 276 276 245 302 9 
4 33 38 85 79 126 123 98 94 6 
0 198 280 250 207 354 272 310 327 4 
0 76 58 77 70 85 96 83 61 2 
1 46 52 83 76 100 55 85 84 5 
9 335 432 675 570 652 587 544 557 13 
3 326 422 518 425 757 530 573 614 21 
0 123 85 72 79 140 101 119 110 4 
5 705 931 1114 1152 1173 913 921 947 28 
2 70 110 161 140 162 155 130 178 4 
2 124 190 236 177 213 194 168 182 7 
3 98 170 159 143 138 131 134 129 5 
4 220 316 324 278 399 344 408 414 13 
2 178 184 253 264 264 250 180 331 7 
8 297 361 429 406 537 495 484 483 19 
8 695 798 906 798 970 980 888 909 32 
0 42 57 52 49 109 87 80 88 5 
2 247 250 339 260 398 374 360 323 15 
1 117 151 108 128 180 126 146 166 4 
1 64 77 44 78 79 60 73 84 0 
0 14 21 22 38 49 26 37 41 0 
4 215 262 245 228 316 308 288 303 10 
6 101 97 162 138 177 176 151 161 1 
0 36 46 67 38 62 72 65 69 5 
6 281 309 418 392 440 401 338 545 15 
0 23 29 48 18 29 44 28 33 1 
0 59 92 102 58 103 83 62 77 3 
4 264 306 310 276 360 367 332 388 15 
0 59 91 91 82 143 79 96 116 5 
5 292 369 500 355 514 501 424 480 11 
2 78 112 90 98 174 110 130 104 5 
0 75 87 103 98 137 96 111 136 6 
11 117 165 170 122 221 216 132 167 0 
2 79 107 123 129 182 154 122 138 7 
4 70 76 83 62 72 68 96 70 4 
11 264 331 457 321 503 507 386 484 6 
0 1 1 20 13 34 37 36 63 16 
7 232 329 329 269 455 338 397 357 12 
0 69 74 85 80 97 93 78 82 4 
0 11 12 35 16 20 27 28 20 0 
8 552 475 590 693 718 667 578 636 18 
13 282 277 443 253 401 345 309 300 11 
3 110 137 151 105 161 188 203 183 13 
1 103 131 136 129 169 130 158 155 5 
10 767 931 1306 1165 1422 1316 1142 1059 35 
2 468 450 513 582 614 643 546 566 24 
3 81 57 62 45 117 51 64 62 0 
2 53 66 68 62 77 86 107 77 4 
2 93 128 157 140 222 213 206 147 13 
7 242 259 276 279 351 320 291 317 7 
0 9 15 17 5 7 22 13 18 1 
0 1 21 14 13 15 7 8 6 1 
12 64 87 88 62 102 126 84 105 0 
2 187 184 231 131 198 161 159 167 4 
1 110 136 136 154 222 169 214 173 3 
0 5 11 8 23 24 23 6 12 0 
5 194 271 260 260 300 308 302 314 6 
2 124 190 236 177 213 194 168 182 7 
7 205 199 336 251 329 330 245 285 2 
7 309 292 507 439 588 508 464 560 8 
26 1211 1436 1546 1382 1756 1452 1348 1531 32 
4 151 195 294 241 294 328 287 318 8 
1 154 176 293 162 201 217 230 171 10 
1 153 224 242 193 183 204 160 193 12 
0 86 118 156 82 106 103 95 146 21 
1 65 56 110 67 56 71 85 58 3 
1 69 81 113 96 84 90 91 72 5 
0 121 154 232 168 203 150 126 149 5 
5 187 305 373 299 394 445 359 321 10 
1 69 77 86 80 121 89 39 57 4 
1 77 91 146 119 99 102 85 104 13 
0 36 39 73 49 108 60 68 116 15 
6 286 269 472 360 430 440 361 355 17 
4 704 799 995 713 933 916 860 824 40 
0 38 24 39 11 36 37 24 12 0 
0 22 16 47 40 45 37 25 20 10 
2 153 174 250 205 175 196 134 140 2 
1 39 69 70 69 68 63 54 52 5 
10 767 931 1306 1165 1422 1316 1142 1059 35 
1 43 64 76 66 97 59 66 86 11 
6 250 259 362 282 336 331 328 345 23 
19 413 418 519 359 455 567 446 482 32 
5 415 472 619 518 687 546 537 549 24 
0 26 31 61 32 50 45 21 24 2 
0 67 71 110 116 92 112 73 96 7 
6 130 179 206 153 201 153 145 160 0 
3 326 335 465 363 457 492 406 410 21 
1 154 205 237 236 254 256 243 193 4 
1 31 44 52 31 65 46 25 46 1 
0 95 125 145 102 162 201 181 197 0 
0 20 9 31 7 13 21 9 5 0 
0 117 102 130 72 101 74 40 39 3 
3 326 335 465 363 457 492 406 410 21 
6 205 209 281 226 256 264 248 263 19 
7 121 146 143 121 149 168 92 172 1 
6 286 269 472 360 430 440 361 355 17 
6 338 344 394 416 449 459 436 453 15 
1 154 205 237 236 254 256 243 193 4 
5 44 68 79 48 84 86 84 106 1 
2 92 102 128 95 131 140 124 157 8 
4 314 426 432 396 545 459 449 486 17 
3 123 138 198 158 189 237 267 266 13 
1 89 118 119 109 118 112 114 96 20 
1 100 133 184 164 196 164 170 179 5 
3 150 187 250 169 270 270 228 236 16 
5 274 245 310 292 388 353 287 340 7 
5 61 34 62 54 66 92 103 86 4 
0 22 56 67 61 73 64 54 60 0 
1 97 86 137 129 150 151 168 149 3 
2 171 167 215 204 214 238 193 205 2 
9 107 198 244 174 253 250 206 231 7 
1 106 109 122 125 152 176 153 168 3 
5 292 369 500 355 514 501 424 480 11 
0 157 146 245 225 170 142 195 144 1 
0 114 111 177 186 119 117 150 108 1 
5 91 95 101 91 121 112 86 86 6 
5 415 472 619 518 687 546 537 549 24 
7 359 442 575 539 656 492 526 524 14 
5 149 139 191 166 184 158 229 201 4 
0 63 76 109 119 143 118 160 172 7 
5 194 271 260 260 300 308 302 314 6 
6 266 322 442 323 489 450 427 416 21 
9 517 624 821 638 797 754 661 677 13 
5 188 250 273 185 207 156 86 133 1 
2 107 146 156 96 136 103 136 103 0 
9 381 437 511 437 524 530 412 430 20 
1 96 113 187 84 117 75 126 81 2 
26 1211 1436 1546 1382 1756 1452 1348 1531 32 
2 73 72 83 58 47 67 49 41 0 
5 160 177 191 139 161 146 101 162 3 
0 42 80 107 115 117 78 67 84 1 
0 47 78 54 39 51 86 49 49 2 
3 115 117 192 103 131 123 104 122 4 
0 94 125 209 126 156 117 134 139 4 
9 372 459 565 506 699 482 639 702 22 
0 19 52 54 58 48 36 85 21 2 
4 236 304 364 242 337 311 317 250 7 
4 273 288 332 325 406 359 306 364 3 
12 456 537 700 669 878 630 563 620 17 
1 237 267 280 282 322 334 269 246 12 
1 44 56 63 63 49 82 64 45 0 
2 176 192 265 290 362 221 183 216 6 
0 38 57 95 80 52 48 48 75 1 
6 187 283 298 183 282 250 255 247 2 
1 100 136 213 155 225 190 164 155 4 
4 149 127 268 171 211 207 207 229 7 
0 95 93 140 137 176 190 111 180 5 
0 18 31 37 21 36 51 37 33 0 
8 277 325 415 384 505 481 482 527 16 
2 157 254 333 270 258 224 209 288 7 
5 292 369 500 355 514 501 424 480 11 
1 91 128 122 128 157 144 171 168 5 
0 24 3 31 37 8 22 134 0 0 
0 22 16 25 8 24 30 27 25 0 
0 55 18 48 34 41 55 46 40 0 
3 203 130 165 217 154 155 191 177 5 
0 8 17 32 32 12 26 40 29 1 
0 133 93 129 133 175 142 150 136 0 
12 229 331 398 374 429 533 398 496 10 
2 245 213 312 218 338 263 316 341 8 
28 1883 2548 3166 2582 3178 2767 2634 2773 81 
0 13 15 19 8 27 4 8 16 0 
3 21 48 47 50 101 96 55 94 2 
0 49 27 51 67 62 64 46 53 0 
0 7 8 16 18 28 20 23 18 0 
0 20 0 7 32 12 6 34 18 0 
0 18 48 77 52 17 27 27 105 0 
0 66 72 109 76 84 91 85 88 1 
0 11 16 30 27 8 20 12 36 0 
0 2 28 20 11 4 0 5 12 0 
0 23 2 5 4 9 28 7 2 0 
2 84 86 111 90 119 109 97 120 2 
2 1 6 17 19 25 22 22 47 0 
1 94 154 200 144 180 181 136 131 2 
10 380 422 572 517 649 626 555 611 29 
0 54 64 125 75 137 130 172 129 1 
0 7 0 7 10 7 18 11 8 0 
0 11 3 4 7 6 6 19 24 0 
1 44 58 75 78 117 70 82 66 4 
11 452 478 838 598 780 673 672 780 59 
0 6 2 5 5 19 6 7 1 0 
0 15 28 40 29 20 51 53 26 2 
0 80 82 105 76 110 163 129 96 0 
5 119 88 131 108 155 192 163 122 1 
1 8 11 24 6 13 45 70 64 0 
6 252 279 298 228 729 370 410 393 24 
0 17 15 35 23 36 52 31 26 0 
0 14 16 16 21 27 50 18 39 0 
1 214 193 260 194 277 330 376 334 25 
7 23 18 26 11 31 19 34 32 0 
0 17 5 11 19 13 14 14 9 0 
2 272 210 259 236 273 301 233 251 11 
8 27 24 30 18 42 59 51 91 0 
2 148 124 137 89 116 130 98 159 1 
0 50 34 70 33 50 40 37 60 1 
0 30 35 80 50 67 73 90 71 3 
4 315 407 481 353 642 489 398 494 10 
8 277 325 415 384 505 481 482 527 16 
2 139 86 140 161 244 279 252 213 12 
9 255 275 416 293 455 284 404 421 11 
3 295 274 346 297 374 354 370 418 15 
5 292 369 500 355 514 501 424 480 11 
0 1 8 8 5 10 4 22 10 1 
9 517 624 821 638 797 754 661 677 13 
1 5 13 17 19 17 7 38 22 1 
0 76 63 94 75 112 161 142 103 1 
4 135 135 218 203 308 220 185 243 5 
9 303 231 423 326 493 363 229 317 2 
1 149 164 223 189 206 205 222 197 2 
0 1 3 26 0 1 3 14 13 0 
0 2 5 6 11 5 37 4 4 0 
0 0 0 0 0 12 19 27 10 0 
0 110 77 196 135 181 142 118 184 31 
1 88 94 153 74 154 79 92 101 13 
0 66 88 140 108 240 166 169 163 11 
19 413 418 519 359 455 567 446 482 32 
0 36 39 73 49 108 60 68 116 15 
0 72 51 91 30 48 60 61 81 1 
9 381 437 511 437 524 530 412 430 20 
0 25 6 39 18 43 13 15 19 0 
0 37 17 18 17 8 9 28 21 0 
0 20 32 23 31 49 46 33 51 6 
2 61 59 103 79 127 109 101 97 3 
0 28 43 75 41 46 50 61 82 2 
1 35 32 43 33 37 48 35 42 1 
5 238 253 273 199 255 198 162 184 3 
10 767 931 1306 1165 1422 1316 1142 1059 35 
0 2 2 20 17 3 10 9 8 16 
0 5 7 9 5 19 15 9 16 3 
0 86 118 156 82 106 103 95 146 21 
3 189 226 277 229 312 316 187 224 5 
0 121 154 232 168 203 150 126 149 5 
1 102 118 139 148 217 175 147 231 2 
5 415 472 619 518 687 546 537 549 24 
1 29 43 64 53 52 61 61 77 4 
5 205 313 366 355 406 443 354 371 16 
7 324 418 384 289 477 328 322 328 10 
0 11 3 25 3 10 13 18 19 0 
3 326 422 518 425 757 530 573 614 21 
0 115 116 132 117 165 172 156 225 7 
0 29 30 41 21 51 46 39 44 0 
0 5 18 22 20 31 18 7 5 0 
4 380 399 503 317 354 311 234 271 6 
3 219 273 445 255 345 247 260 295 8 
2 98 160 196 154 89 40 37 38 2 
9 307 414 386 355 342 218 143 125 0 
1 189 274 391 231 314 291 185 183 1 
0 65 81 136 39 40 17 18 12 0 
9 388 355 465 418 556 511 485 557 26 
2 42 55 76 35 45 66 28 43 1 
1 50 69 140 94 76 66 76 53 2 
0 114 111 177 186 119 117 150 108 1 
1 112 157 142 83 99 141 96 146 6 
9 396 415 623 417 480 466 382 392 14 
6 266 322 442 323 489 450 427 416 21 
2 199 209 314 295 316 280 327 266 10 
11 452 478 838 598 780 673 672 780 59 
0 222 212 322 232 327 331 332 364 11 
0 11 13 19 21 17 32 7 10 0 
10 491 511 583 581 700 661 565 561 7 
1 228 236 365 307 357 383 353 346 12 
2 455 520 608 458 569 513 458 460 18 
1 20 14 38 4 11 17 14 10 2 
0 15 16 33 6 8 3 1 6 0 
1 223 216 206 218 247 230 332 354 14 
29 1672 1987 2492 2125 2893 2501 2399 2628 77 
6 678 762 925 795 984 906 937 1029 42 
1 11 7 12 15 8 28 9 4 0 
0 69 36 45 49 39 41 62 27 0 
6 177 223 248 144 269 250 211 227 2 
4 704 799 995 713 933 916 860 824 40 
0 7 33 16 27 25 1 3 5 0 
0 62 70 155 66 97 108 73 73 4 
0 125 81 115 67 174 135 92 116 6 
19 413 418 519 359 455 567 446 482 32 
1 181 107 162 137 270 280 182 113 0 
6 167 158 270 197 313 285 250 263 12 
0 27 24 49 38 39 66 28 32 0 
9 396 415 623 417 480 466 382 392 14 
7 177 176 238 165 234 218 174 220 4 
7 324 418 384 289 477 328 322 328 10 
2 28 25 25 22 23 36 13 28 0 
2 53 49 52 40 55 65 28 38 0 
1 13 17 28 16 39 35 31 22 1 
0 14 13 26 10 13 24 11 9 0 
0 0 0 64 0 5 2 0 0 0 
10 166 210 240 174 264 233 212 232 6 
0 18 17 31 21 18 27 42 38 0 
0 14 27 46 11 32 12 15 13 0 
0 74 61 78 59 58 76 97 82 2 
6 244 377 410 448 493 383 476 399 26 
0 10 19 57 27 23 41 23 24 0 
3 160 186 240 223 276 236 226 244 11 
1 1 17 6 3 8 15 0 4 0 
0 0 0 0 20 40 2 16 0 0 
3 326 422 518 425 757 530 573 614 21 
3 279 338 431 456 598 544 507 565 20 
0 3 8 13 9 2 11 5 12 0 
4 151 195 294 241 294 328 287 318 8 
3 150 187 250 169 270 270 228 236 16 
3 82 81 157 81 91 81 49 100 0 
3 237 226 325 284 409 357 301 381 6 
2 189 329 496 287 370 262 222 206 1 
0 55 103 151 76 129 85 82 54 0 
1 109 142 177 139 220 197 142 129 1 
6 208 292 503 346 484 480 441 423 5 
3 189 226 277 229 312 316 187 224 5 
0 117 102 130 72 101 74 40 39 3 
5 238 253 273 199 255 198 162 184 3 
2 76 99 201 115 166 141 114 103 5 
0 19 73 118 99 80 54 42 27 1 
0 27 48 46 37 66 45 29 40 0 
2 153 174 250 205 175 196 134 140 2 
8 325 372 384 327 343 304 247 260 10 
9 396 415 623 417 480 466 382 392 14 
12 157 210 191 209 185 179 150 158 5 
2 313 362 485 358 481 403 362 479 19 
0 121 154 232 168 203 150 126 149 5 
0 11 16 8 21 22 14 14 9 1 
0 25 28 78 23 29 54 27 31 1 
2 226 244 382 324 259 282 194 207 2 
11 423 490 753 598 717 746 730 702 21 
9 517 624 821 638 797 754 661 677 13 
0 9 6 79 67 20 44 48 57 0 
19 413 418 519 359 455 567 446 482 32 
0 0 2 20 0 8 17 14 18 0 
6 258 280 336 298 341 343 343 354 24 
5 94 130 153 115 153 163 164 156 3 
0 15 9 21 7 29 12 2 0 0 
2 228 237 266 291 277 274 197 285 7 
3 69 88 150 121 124 128 115 115 0 
0 46 41 90 60 60 49 55 56 1 
6 208 292 503 346 484 480 441 423 5 
0 51 79 150 176 277 292 240 246 6 
0 76 71 114 79 117 122 76 132 1 
0 6 31 29 37 79 96 85 64 5 
0 21 24 37 32 63 71 35 84 2 
9 517 624 821 638 797 754 661 677 13 
5 188 250 273 185 207 156 86 133 1 
3 22 18 33 38 43 55 26 81 0 
6 63 34 83 63 78 89 58 135 2 
4 314 426 432 396 545 459 449 486 17 
1 235 185 387 332 417 426 412 364 4 
7 172 132 232 188 328 264 174 209 7 
4 273 288 332 325 406 359 306 364 3 
0 59 46 115 97 80 71 104 63 2 
8 105 181 231 146 170 195 121 176 1 
0 16 2 23 17 23 33 18 31 0 
6 105 82 72 90 99 99 88 101 1 
0 21 7 21 19 25 12 13 24 1 
0 127 123 170 128 193 212 143 207 5 
0 54 75 48 60 79 53 93 113 1 
6 165 145 264 219 270 244 178 291 3 
2 38 38 48 30 55 21 47 34 0 
3 25 47 40 28 37 42 26 50 0 
2 92 77 148 89 128 99 96 117 6 
0 30 14 40 40 47 31 20 43 1 
15 624 585 859 882 1175 1047 1076 1060 31 
0 14 15 25 22 37 27 14 28 1 
0 27 15 17 19 64 29 30 54 0 
0 12 8 23 12 15 14 13 16 0 
9 396 415 623 417 480 466 382 392 14 
12 229 331 398 374 429 533 398 496 10 
3 75 98 111 94 113 122 125 117 0 
8 552 475 590 693 718 667 578 636 18 
1 35 40 66 87 77 86 93 124 2 
9 381 437 511 437 524 530 412 430 20 
13 282 277 443 253 401 345 309 300 11 
6 105 82 72 90 99 99 88 101 1 
3 113 132 161 150 167 175 125 148 3 
1 22 44 32 44 52 54 37 29 1 
1 166 198 317 242 340 296 331 326 10 
0 39 22 28 27 25 52 26 42 1 
1 125 145 175 202 263 237 227 233 6 
0 23 10 12 15 11 23 11 23 0 
2 70 55 62 71 65 55 41 46 0 
2 126 106 184 151 265 189 198 224 6 
1 106 139 186 160 200 168 141 163 3 
1 28 53 30 20 42 52 28 26 1 
4 262 169 203 257 260 226 212 235 9 
0 12 22 7 7 8 13 7 7 1 
2 46 57 88 65 108 97 95 84 1 
0 34 54 58 35 73 71 57 49 1 
4 159 156 187 212 184 138 103 140 2 
12 456 537 700 669 878 630 563 620 17 
2 101 114 103 111 121 125 125 148 0 
8 277 325 415 384 505 481 482 527 16 
10 492 496 617 581 747 690 673 748 24 
6 99 128 210 166 216 164 199 193 4 
2 171 167 215 204 214 238 193 205 2 
0 66 72 109 76 84 91 85 88 1 
1 170 229 353 220 318 316 339 372 12 
3 203 130 165 217 154 155 191 177 5 
0 59 58 49 45 55 66 66 34 0 
10 767 931 1306 1165 1422 1316 1142 1059 35 
3 78 48 32 26 71 57 16 60 3 
1 52 48 51 30 34 56 28 33 1 
7 190 152 168 108 196 183 96 159 4 
1 214 193 260 194 277 330 376 334 25 
1 39 30 48 50 50 34 31 37 1 
0 198 280 250 207 354 272 310 327 4 
5 187 305 373 299 394 445 359 321 10 
0 20 26 20 22 29 20 45 34 0 
9 517 624 821 638 797 754 661 677 13 
6 164 168 238 178 258 202 225 246 4 
2 139 86 140 161 244 279 252 213 12 
0 30 13 18 24 13 21 44 26 0 
0 29 44 33 40 42 31 37 41 0 
0 61 43 74 79 81 108 74 84 0 
1 36 47 48 31 54 47 74 69 0 
1 105 93 76 71 82 65 59 84 1 
2 199 209 314 295 316 280 327 266 10 
2 455 520 608 458 569 513 458 460 18 
0 50 37 41 62 16 26 45 71 0 
4 704 799 995 713 933 916 860 824 40 
26 1211 1436 1546 1382 1756 1452 1348 1531 32 
0 35 28 51 27 38 50 48 33 1 
7 367 342 409 399 408 384 465 388 11 
4 185 200 291 186 341 237 235 241 2 
1 129 143 163 176 196 192 144 183 6 
0 7 7 12 10 21 20 20 27 0 
5 278 318 399 351 428 386 337 370 11 
3 84 105 102 72 548 141 122 143 8 
6 252 279 298 228 729 370 410 393 24 
6 56 74 84 72 445 86 51 106 4 
1 21 31 66 50 456 68 86 47 0 
0 29 23 40 40 434 73 40 42 2 
57 3141 3674 4780 4042 5360 4628 4344 4744 127 
5 48 78 65 69 479 63 82 65 3 
0 0 0 0 0 382 19 0 0 0 
8 219 229 270 237 543 364 345 406 14 
8 261 324 414 346 612 431 449 541 21 
3 326 422 518 425 757 530 573 614 21 
7 165 187 252 222 312 236 299 323 17 
8 297 361 429 406 537 495 484 483 19 
2 28 25 25 22 23 36 13 28 0 
3 61 88 86 77 133 155 83 110 4 
3 160 186 240 223 276 236 226 244 11 
0 48 103 129 111 150 126 129 150 8 
2 151 243 314 248 357 306 296 335 18 
8 552 475 590 693 718 667 578 636 18 
0 68 77 86 72 126 109 105 93 2 
6 180 206 314 220 262 226 224 297 23 
0 198 280 250 207 354 272 310 327 4 
4 704 799 995 713 933 916 860 824 40 
0 109 125 199 165 189 208 229 259 6 
1 170 229 353 220 318 316 339 372 12 
6 286 269 472 360 430 440 361 355 17 
1 31 44 52 31 65 46 25 46 1 
0 115 126 180 105 125 129 115 166 8 
0 71 67 101 60 108 82 67 74 2 
2 76 114 145 142 185 116 156 139 4 
1 71 77 134 105 137 118 125 145 6 
0 133 93 129 133 175 142 150 136 0 
7 119 201 228 211 209 206 177 194 4 
0 50 37 41 62 16 26 45 71 0 
6 244 377 410 448 493 383 476 399 26 
0 16 32 89 60 30 34 34 55 0 
0 24 37 53 32 16 29 39 17 1 
0 14 22 16 13 37 16 16 20 1 
0 19 19 51 45 36 47 39 50 1 
1 14 28 73 36 49 80 76 32 0 
0 11 19 5 19 23 5 15 29 7 
0 20 14 25 32 18 27 14 28 0 
0 0 9 8 9 29 0 11 34 0 
0 2 9 6 11 18 8 0 48 0 
2 45 67 68 58 85 47 31 44 1 
2 345 348 382 449 492 404 384 413 17 
0 11 16 32 18 33 39 26 16 0 
4 60 60 103 40 86 58 61 87 2 
7 165 187 252 222 312 236 299 323 17 
0 11 6 11 8 14 3 25 26 3 
13 282 277 443 253 401 345 309 300 11 
0 0 13 10 2 4 0 4 36 0 
1 33 44 63 55 99 71 93 77 2 
2 232 222 254 233 253 260 304 259 4 
0 3 3 16 13 11 11 13 4 0 
0 12 4 31 34 24 28 30 24 8 
0 5 5 11 15 2 13 11 1 0 
2 8 10 33 32 44 29 43 106 0 
2 248 304 383 320 411 354 327 436 16 
0 25 32 89 30 76 63 60 97 3 
2 85 125 129 99 123 108 78 112 0 
7 177 176 238 165 234 218 174 220 4 
2 45 78 86 88 123 133 50 84 1 
6 378 439 527 467 614 485 476 437 9 
2 171 167 215 204 214 238 193 205 2 
3 82 81 157 81 91 81 49 100 0 
2 23 40 44 38 33 44 39 47 0 
7 327 342 418 311 414 370 373 392 9 
6 187 283 298 183 282 250 255 247 2 
0 36 38 59 31 34 47 33 53 0 
4 25 51 49 22 59 35 23 23 0 
0 76 71 114 79 117 122 76 132 1 
8 552 475 590 693 718 667 578 636 18 
6 244 377 410 448 493 383 476 399 26 
4 170 229 262 287 276 276 245 302 9 
0 24 54 49 55 54 50 53 46 0 
2 61 123 118 125 144 106 152 109 2 
14 318 474 480 296 413 391 384 378 9 
6 304 326 433 393 486 379 364 372 7 
4 273 288 332 325 406 359 306 364 3 
5 292 369 500 355 514 501 424 480 11 
0 41 38 72 40 51 40 38 32 0 
3 131 167 181 194 147 172 166 193 6 
1 129 143 163 176 196 192 144 183 6 
1 76 101 117 112 155 118 85 129 2 
2 228 237 266 291 277 274 197 285 7 
3 114 111 116 104 154 123 140 146 3 
1 51 51 69 66 85 45 49 78 1 
0 42 81 72 52 94 105 118 129 0 
2 52 63 79 61 96 70 62 80 4 
7 309 226 329 323 458 365 266 269 7 
0 133 93 129 133 175 142 150 136 0 
11 222 255 281 335 391 308 346 254 2 
6 202 209 286 189 226 241 213 234 7 
5 120 145 191 130 155 181 150 135 5 
6 80 80 105 102 139 109 116 84 1 
2 47 34 56 56 27 47 63 55 0 
2 245 213 312 218 338 263 316 341 8 
11 264 331 457 321 503 507 386 484 6 
8 277 325 415 384 505 481 482 527 16 
2 248 304 383 320 411 354 327 436 16 
6 166 181 253 246 225 183 238 252 3 
3 34 41 27 72 48 54 36 23 0 
7 165 187 252 222 312 236 299 323 17 
0 11 20 21 9 21 34 16 15 0 
3 33 13 34 27 32 16 13 18 0 
1 47 63 60 53 63 78 48 66 0 
0 41 69 52 44 46 69 53 54 0 
1 9 14 19 27 29 30 27 12 0 
0 66 72 109 76 84 91 85 88 1 
3 128 167 214 180 243 211 184 228 11 
3 85 74 89 78 93 75 115 99 3 
0 34 11 30 35 45 17 26 28 0 
0 56 65 60 82 71 55 46 62 6 
1 21 16 20 40 43 31 33 35 2 
2 75 79 115 101 90 91 128 127 0 
2 468 450 513 582 614 643 546 566 24 
6 174 153 200 167 279 273 248 196 21 
3 61 86 88 76 86 84 47 68 2 
2 178 184 253 264 264 250 180 331 7 
6 244 377 410 448 493 383 476 399 26 
1 125 145 175 202 263 237 227 233 6 
8 270 307 479 414 528 441 407 448 15 
0 30 61 59 59 106 33 49 33 2 
0 77 125 155 171 181 172 160 142 0 
2 345 348 382 449 492 404 384 413 17 
2 61 123 118 125 144 106 152 109 2 
1 33 63 44 54 82 102 127 49 7 
2 248 304 383 320 411 354 327 436 16 
1 29 34 34 69 66 36 65 48 2 
0 27 31 21 24 59 17 28 24 1 
2 63 68 100 129 138 60 119 101 3 
20 604 687 948 736 846 770 644 739 27 
0 12 22 12 30 26 40 41 20 7 
0 15 28 40 29 20 51 53 26 2 
0 5 30 30 32 28 29 50 33 1 
0 5 19 13 28 20 34 27 9 0 
7 119 201 228 211 209 206 177 194 4 
0 6 19 19 40 27 13 12 6 0 
0 30 73 52 34 67 35 81 24 0 
7 165 187 252 222 312 236 299 323 17 
6 65 104 112 122 129 104 103 112 1 
1 10 16 27 3 34 9 4 11 0 
0 10 32 38 18 24 21 50 10 0 
0 32 45 55 59 75 80 64 60 2 
0 27 38 69 44 60 60 43 68 3 
2 75 79 115 101 90 91 128 127 0 
0 21 13 15 24 12 18 20 30 1 
1 237 267 280 282 322 334 269 246 12 
2 199 209 314 295 316 280 327 266 10 
2 455 520 608 458 569 513 458 460 18 
7 324 418 384 289 477 328 322 328 10 
1 237 267 280 282 322 334 269 246 12 
0 28 4 8 6 135 242 317 359 1 
3 112 209 348 258 439 276 259 242 8 
8 93 123 128 80 91 119 122 144 0 
0 13 30 46 26 57 40 56 25 0 
1 81 105 126 86 115 139 125 102 2 
0 29 31 35 39 98 87 50 110 1 
0 42 45 74 41 72 39 74 67 1 
26 1211 1436 1546 1382 1756 1452 1348 1531 32 
0 62 97 97 70 72 98 47 98 0 
5 190 253 258 196 288 258 238 212 5 
9 396 415 623 417 480 466 382 392 14 
5 187 305 373 299 394 445 359 321 10 
2 48 56 47 33 65 52 36 37 0 
2 48 52 49 40 51 49 38 73 0 
1 153 258 171 213 290 217 190 283 9 
7 155 189 203 123 201 129 104 140 6 
1 15 28 35 35 38 60 73 60 0 
10 380 422 572 517 649 626 555 611 29 
1 90 83 137 125 145 162 133 114 2 
4 220 316 324 278 399 344 408 414 13 
0 157 134 154 146 286 257 169 282 5 
0 102 103 115 130 116 113 99 149 12 
0 56 75 68 51 119 82 111 113 2 
1 45 49 47 37 59 38 16 34 4 
0 34 36 42 27 85 67 45 71 2 
2 468 450 513 582 614 643 546 566 24 
3 295 274 346 297 374 354 370 418 15 
2 265 254 361 319 434 357 414 351 12 
1 223 216 206 218 247 230 332 354 14 
3 239 277 330 321 444 338 407 348 18 
12 566 565 772 607 849 868 761 754 48 
5 705 931 1114 1152 1173 913 921 947 28 
6 166 181 253 246 225 183 238 252 3 
5 162 215 279 252 292 219 187 274 11 
4 71 102 141 93 127 103 90 130 2 
1 19 31 61 71 49 47 51 46 3 
7 242 259 276 279 351 320 291 317 7 
0 83 113 128 124 120 131 135 109 2 
5 274 245 310 292 388 353 287 340 7 
2 76 71 102 112 100 132 131 128 2 
6 281 309 418 392 440 401 338 545 15 
2 109 105 126 115 136 145 146 113 3 
7 359 442 575 539 656 492 526 524 14 
2 81 105 107 119 130 112 116 110 1 
1 97 86 137 129 150 151 168 149 3 
2 29 44 45 30 35 59 59 43 7 
2 29 62 48 42 28 51 48 24 2 
7 205 199 336 251 329 330 245 285 2 
3 127 154 175 164 197 162 169 162 9 
1 11 49 48 59 60 40 54 55 1 
1 18 19 32 36 38 33 38 41 3 
6 67 100 93 63 36 72 66 41 2 
6 170 191 227 219 241 234 237 275 7 
2 75 79 115 101 90 91 128 127 0 
0 24 26 37 31 34 27 42 36 2 
1 106 109 122 125 152 176 153 168 3 
9 307 414 386 355 342 218 143 125 0 
3 88 118 138 141 130 125 117 146 2 
0 39 49 53 60 55 56 67 47 1 
0 36 57 64 26 53 80 101 72 1 
1 210 174 299 223 396 305 316 380 14 
0 74 41 65 54 101 56 68 93 2 
4 273 288 332 325 406 359 306 364 3 
1 189 274 391 231 314 291 185 183 1 
6 252 279 298 228 729 370 410 393 24 
1 47 71 62 90 91 115 79 86 2 
0 31 41 32 41 43 41 41 22 1 
2 64 53 71 63 74 60 92 52 3 
0 39 28 53 41 47 33 55 53 1 
0 2 13 18 6 12 31 24 23 0 
0 222 212 322 232 327 331 332 364 11 
0 76 71 114 79 117 122 76 132 1 
0 35 29 33 21 20 23 11 17 0 
2 265 254 361 319 434 357 414 351 12 
0 3 9 7 16 14 16 100 11 0 
1 228 236 365 307 357 383 353 346 12 
9 396 415 623 417 480 466 382 392 14 
2 104 129 143 122 136 127 161 126 5 
0 76 63 94 75 112 161 142 103 1 
5 112 132 114 90 87 82 92 91 2 
0 4 2 6 17 26 20 18 11 2 
7 324 418 384 289 477 328 322 328 10 
1 125 145 175 202 263 237 227 233 6 
3 157 226 308 251 323 343 328 277 22 
0 4 3 14 10 13 6 15 6 0 
2 166 184 137 183 159 150 157 141 3 
3 326 422 518 425 757 530 573 614 21 
2 81 124 204 111 235 227 340 438 8 
13 161 209 300 249 334 331 330 455 24 
0 80 80 97 92 105 99 161 141 6 
0 7 11 39 25 49 57 50 109 4 
5 133 209 198 185 247 168 190 234 6 
1 163 117 166 203 205 187 213 252 3 
0 41 48 49 24 78 113 202 197 5 
0 14 15 19 20 43 20 75 91 8 
6 99 128 210 166 216 164 199 193 4 
2 24 31 55 48 82 51 146 174 14 
9 255 275 416 293 455 284 404 421 11 
0 198 280 250 207 354 272 310 327 4 
2 92 96 152 87 163 135 104 147 8 
1 67 87 111 107 129 113 144 133 12 
10 282 303 459 387 469 492 450 516 19 
0 9 6 11 6 14 6 47 20 2 
5 292 369 500 355 514 501 424 480 11 
3 326 422 518 425 757 530 573 614 21 
5 148 115 197 139 142 179 118 156 3 
5 186 270 276 243 313 223 237 309 7 
0 56 75 68 51 119 82 111 113 2 
1 44 58 75 78 117 70 82 66 4 
1 170 229 353 220 318 316 339 372 12 
2 147 177 324 234 316 262 250 309 6 
1 15 8 18 9 14 34 9 27 1 
1 19 16 55 15 28 28 37 23 0 
0 5 12 24 10 21 13 27 16 1 
10 380 422 572 517 649 626 555 611 29 
0 21 21 20 19 27 22 39 64 0 
0 2 2 2 3 29 8 9 20 2 
1 152 217 355 374 368 400 293 319 17 
4 100 180 444 381 569 501 335 380 11 
0 54 160 166 201 169 114 130 124 0 
10 767 931 1306 1165 1422 1316 1142 1059 35 
0 4 32 90 88 137 80 83 77 3 
0 7 23 97 87 103 112 66 98 3 
0 20 36 82 81 47 62 35 55 3 
2 131 216 230 160 229 167 133 148 8 
0 128 215 291 277 218 294 212 352 2 
0 121 313 340 359 320 193 239 238 6 
0 67 206 253 211 202 172 187 206 3 
0 94 125 209 126 156 117 134 139 4 
10 181 290 351 276 391 434 346 280 16 
0 10 29 65 43 21 22 39 26 0 
1 33 113 126 104 69 96 117 80 0 
5 187 305 373 299 394 445 359 321 10 
26 1211 1436 1546 1382 1756 1452 1348 1531 32 
2 345 348 382 449 492 404 384 413 17 
3 131 156 201 172 161 186 180 151 1 
1 90 83 137 125 145 162 133 114 2 
5 205 313 366 355 406 443 354 371 16 
15 624 585 859 882 1175 1047 1076 1060 31 
2 468 450 513 582 614 643 546 566 24 
0 38 57 95 80 52 48 48 75 1 
5 415 472 619 518 687 546 537 549 24 
3 87 74 83 74 141 100 108 122 4 
0 34 132 122 88 60 65 73 111 0 
2 123 287 300 245 212 207 171 290 3 
7 139 246 318 332 295 276 273 421 5 
5 136 124 107 160 157 169 145 131 7 
1 115 118 82 145 68 58 103 134 0 
0 98 124 170 143 149 154 149 175 8 
0 108 54 91 91 24 43 108 105 6 
0 34 45 40 30 20 37 80 96 0 
4 159 156 187 212 184 138 103 140 2 
2 101 114 103 111 121 125 125 148 0 
4 314 426 432 396 545 459 449 486 17 
0 44 55 30 44 34 30 40 48 3 
0 28 17 41 27 36 52 44 37 0 
1 51 25 30 52 25 11 21 29 0 
0 156 197 194 166 175 153 204 239 21 
0 59 45 69 39 76 47 39 30 0 
6 187 283 298 183 282 250 255 247 2 
8 552 475 590 693 718 667 578 636 18 
9 522 494 549 557 539 522 475 544 21 
2 468 450 513 582 614 643 546 566 24 
15 624 585 859 882 1175 1047 1076 1060 31 
0 22 20 49 57 37 33 39 21 4 
0 250 189 246 245 130 126 166 122 0 
0 25 23 20 26 8 9 14 23 0 
0 95 103 110 113 111 104 141 94 11 
2 268 291 336 288 349 326 389 356 6 
12 157 210 191 209 185 179 150 158 5 
1 145 217 273 190 178 195 195 197 5 
1 44 66 37 57 61 59 81 52 3 
3 131 156 201 172 161 186 180 151 1 
5 705 931 1114 1152 1173 913 921 947 28 
0 9 11 14 11 10 14 11 2 0 
0 33 26 43 33 23 28 34 20 0 
8 351 354 494 453 555 585 536 562 22 
6 227 228 272 226 246 191 196 278 8 
4 84 89 106 86 99 75 88 112 1 
0 37 37 53 33 43 32 20 45 8 
0 26 40 30 40 11 12 17 25 2 
22 788 1039 1196 862 1158 1120 869 1227 37 
0 16 12 21 14 9 21 16 23 4 
1 40 24 24 36 38 29 25 49 1 
1 153 224 242 193 183 204 160 193 12 
6 270 226 277 190 235 192 190 141 11 
2 85 133 149 107 108 143 111 118 4 
0 95 125 145 102 162 201 181 197 0 
0 34 6 38 7 8 9 24 21 0 
0 38 26 52 36 29 30 35 44 1 
1 153 258 171 213 290 217 190 283 9 
0 8 2 23 26 0 9 4 0 0 
9 372 459 565 506 699 482 639 702 22 
3 131 167 181 194 147 172 166 193 6 
0 52 29 65 44 37 48 41 47 1 
1 192 210 342 230 304 268 261 380 8 
0 17 21 31 11 35 27 13 33 0 
4 24 21 30 9 9 33 33 43 0 
0 51 33 21 28 73 55 37 35 2 
0 33 0 10 3 7 1 0 0 0 
5 62 103 156 66 133 84 88 61 1 
4 262 169 203 257 260 226 212 235 9 
1 154 176 293 162 201 217 230 171 10 
0 11 2 10 2 5 4 14 8 0 
1 34 19 20 18 20 24 27 38 0 
0 2 10 9 13 14 8 9 16 0 
0 12 5 1 0 0 1 29 5 0 
0 128 215 291 277 218 294 212 352 2 
1 153 258 171 213 290 217 190 283 9 
1 75 164 71 62 170 74 105 80 5 
19 413 418 519 359 455 567 446 482 32 
0 20 82 104 60 84 36 21 27 3 
0 28 88 55 69 53 52 42 34 0 
3 326 422 518 425 757 530 573 614 21 
0 2 13 7 45 19 21 30 29 0 
1 53 99 96 74 144 81 117 98 3 
1 77 91 146 119 99 102 85 104 13 
0 1 12 34 27 17 15 12 10 2 
5 415 472 619 518 687 546 537 549 24 
0 25 44 20 15 56 29 48 35 0 
0 9 18 13 23 21 20 24 30 0 
0 13 25 27 56 27 16 33 40 2 
26 1211 1436 1546 1382 1756 1452 1348 1531 32 
4 220 316 324 278 399 344 408 414 13 
0 35 30 58 32 82 62 24 59 2 
3 108 103 147 142 133 129 140 143 1 
0 121 313 340 359 320 193 239 238 6 
0 99 119 133 89 124 87 105 129 6 
7 324 418 384 289 477 328 322 328 10 
0 21 39 74 37 42 31 48 45 13 
0 26 18 11 7 18 24 20 6 0 
1 105 93 76 71 82 65 59 84 1 
0 29 31 27 51 42 31 28 79 1 
4 344 395 454 423 462 423 296 413 11 
0 9 25 13 7 12 7 9 13 0 
0 7 15 11 1 28 8 7 0 0 
1 100 136 213 155 225 190 164 155 4 
3 116 125 190 218 279 226 282 281 10 
5 88 92 152 142 189 169 227 153 6 
1 214 193 260 194 277 330 376 334 25 
0 54 64 125 75 137 130 172 129 1 
0 38 38 53 40 92 82 59 50 1 
3 157 226 308 251 323 343 328 277 22 
0 61 109 56 79 143 88 74 97 0 
3 33 33 88 65 69 121 90 67 0 
0 109 125 199 165 189 208 229 259 6 
2 178 184 253 264 264 250 180 331 7 
2 70 75 103 94 110 106 132 167 1 
1 81 105 126 86 115 139 125 102 2 
1 90 83 137 125 145 162 133 114 2 
2 265 254 361 319 434 357 414 351 12 
6 270 226 277 190 235 192 190 141 11 
9 255 275 416 293 455 284 404 421 11 
0 14 7 16 7 19 18 22 35 0 
0 14 3 9 5 18 19 61 134 1 
1 170 229 353 220 318 316 339 372 12 
1 132 144 227 202 217 255 217 202 3 
1 177 169 260 226 257 258 279 254 6 
7 309 292 507 439 588 508 464 560 8 
2 114 121 185 162 169 218 231 225 7 
1 166 198 317 242 340 296 331 326 10 
0 49 44 78 64 75 108 92 117 5 
0 23 19 43 19 30 46 50 45 6 
0 222 212 322 232 327 331 332 364 11 
0 0 0 0 0 3 8 24 48 1 
12 229 331 398 374 429 533 398 496 10 
0 74 61 78 59 58 76 97 82 2 
3 472 437 430 386 488 359 381 325 15 
2 153 174 250 205 175 196 134 140 2 
1 130 104 93 111 141 129 119 83 6 
2 468 450 513 582 614 643 546 566 24 
2 226 244 382 324 259 282 194 207 2 
0 59 46 115 97 80 71 104 63 2 
2 64 53 71 63 74 60 92 52 3 
2 166 184 137 183 159 150 157 141 3 
5 136 124 107 160 157 169 145 131 7 
0 34 32 31 36 34 12 19 8 1 
1 69 77 86 80 121 89 39 57 4 
5 415 472 619 518 687 546 537 549 24 
15 624 585 859 882 1175 1047 1076 1060 31 
3 80 79 86 87 133 105 96 144 17 
5 238 253 273 199 255 198 162 184 3 
4 286 372 452 323 610 446 374 450 10 
0 54 67 58 78 78 98 67 80 1 
9 396 415 623 417 480 466 382 392 14 
10 767 931 1306 1165 1422 1316 1142 1059 35 
0 57 46 54 49 60 53 42 22 1 
5 187 305 373 299 394 445 359 321 10 
1 166 198 317 242 340 296 331 326 10 
26 1211 1436 1546 1382 1756 1452 1348 1531 32 
1 189 274 391 231 314 291 185 183 1 
0 65 24 25 25 22 34 3 9 0 
1 237 267 280 282 322 334 269 246 12 
0 98 124 170 143 149 154 149 175 8 
1 81 105 126 86 115 139 125 102 2 
3 215 236 268 216 272 252 247 176 2 
6 187 283 298 183 282 250 255 247 2 
2 345 348 382 449 492 404 384 413 17 
2 232 222 254 233 253 260 304 259 4 
1 54 59 83 38 66 81 92 82 3 
11 222 255 281 335 391 308 346 254 2 
2 66 76 59 80 86 65 138 120 3 
4 44 62 51 71 77 48 75 70 3 
6 270 226 277 190 235 192 190 141 11 
3 42 25 51 46 33 49 66 102 1 
1 102 118 139 148 217 175 147 231 2 
3 34 51 33 46 93 64 75 71 0 
0 60 44 71 65 53 63 57 53 1 
1 42 41 78 40 81 53 70 53 2 
0 14 10 31 11 20 33 28 27 1 
0 31 36 35 25 74 36 57 80 0 
0 2 0 3 5 5 26 17 30 0 
0 6 3 28 7 15 22 18 30 0 
1 39 30 48 50 50 34 31 37 1 
0 72 51 91 30 48 60 61 81 1 
4 70 76 83 62 72 68 96 70 4 
8 552 475 590 693 718 667 578 636 18 
0 114 111 177 186 119 117 150 108 1 
6 166 181 253 246 225 183 238 252 3 
3 239 277 330 321 444 338 407 348 18 
1 64 77 44 78 79 60 73 84 0 
0 0 0 0 1 13 22 9 16 0 
0 18 10 13 8 10 9 9 11 0 
1 47 63 60 53 63 78 48 66 0 
0 121 154 232 168 203 150 126 149 5 
29 1672 1987 2492 2125 2893 2501 2399 2628 77 
0 63 76 109 119 143 118 160 172 7 
1 47 27 45 37 36 41 48 49 1 
5 26 48 36 59 82 47 56 48 0 
0 54 64 125 75 137 130 172 129 1 
1 29 23 40 22 38 36 61 78 0 
1 18 9 13 26 24 30 26 37 0 
0 27 34 52 31 37 39 42 48 2 
1 50 48 58 73 56 82 86 80 1 
0 14 16 18 13 27 31 46 59 2 
2 7 15 27 20 30 20 24 37 1 
0 17 14 22 14 13 58 64 24 0 
11 264 331 457 321 503 507 386 484 6 
4 15 12 18 15 10 25 28 24 0 
0 74 41 65 54 101 56 68 93 2 
0 9 8 37 33 30 29 29 39 1 
1 23 46 27 60 38 60 62 37 0 
0 222 212 322 232 327 331 332 364 11 
0 13 0 5 0 18 24 33 19 0 
1 34 25 78 26 46 36 32 29 8 
0 8 7 10 9 15 17 29 16 0 
0 7 7 7 6 8 9 9 12 0 
0 0 0 0 0 2 10 3 58 0 
3 56 55 55 39 53 75 71 77 1 
4 314 426 432 396 545 459 449 486 17 
0 4 5 6 8 14 7 20 11 0 
1 223 216 206 218 247 230 332 354 14 
1 8 10 16 5 17 6 10 23 0 
0 26 13 12 0 0 3 13 7 0 
10 380 422 572 517 649 626 555 611 29 
2 245 213 312 218 338 263 316 341 8 
7 359 442 575 539 656 492 526 524 14 
0 80 82 108 91 139 143 172 186 3 
0 47 44 72 59 63 75 123 100 0 
1 223 249 314 319 424 472 417 495 5 
2 114 121 185 162 169 218 231 225 7 
8 351 354 494 453 555 585 536 562 22 
0 95 125 145 102 162 201 181 197 0 
2 92 185 282 161 207 157 156 145 7 
0 43 39 80 65 81 77 80 80 2 
26 803 1025 1469 1238 1910 1666 1642 1925 69 
0 307 348 442 353 477 491 372 408 32 
2 126 121 200 203 209 234 201 214 8 
7 309 292 507 439 588 508 464 560 8 
2 223 208 264 223 337 421 362 313 6 
1 58 75 74 56 77 76 91 66 0 
5 205 313 366 355 406 443 354 371 16 
0 22 48 40 38 50 39 53 57 1 
4 273 288 332 325 406 359 306 364 3 
0 14 15 19 19 19 25 26 22 1 
1 58 55 91 87 79 90 97 95 1 
0 70 66 131 154 146 133 140 149 13 
8 219 229 270 237 543 364 345 406 14 
2 26 24 30 18 43 36 27 32 1 
0 32 29 47 40 42 56 45 67 1 
1 74 78 105 94 132 119 115 132 5 
0 9 15 12 12 14 25 25 31 1 
6 177 223 248 144 269 250 211 227 2 
0 50 41 68 51 56 67 50 71 2 
2 199 209 314 295 316 280 327 266 10 
0 109 125 199 165 189 208 229 259 6 
1 235 185 387 332 417 426 412 364 4 
4 346 604 584 529 626 562 403 388 15 
2 131 216 230 160 229 167 133 148 8 
0 74 116 129 77 84 106 49 78 1 
0 16 28 66 37 47 72 45 44 0 
1 89 118 119 109 118 112 114 96 20 
5 348 375 467 296 389 523 327 284 8 
6 153 214 268 160 285 252 215 250 20 
3 189 226 277 229 312 316 187 224 5 
3 153 204 236 214 310 334 276 354 8 
1 90 153 186 135 177 153 119 123 2 
0 44 57 71 42 93 50 48 45 0 
5 205 313 366 355 406 443 354 371 16 
0 46 54 47 29 44 27 41 37 1 
9 107 198 244 174 253 250 206 231 7 
8 389 464 605 507 580 634 530 590 24 
9 396 415 623 417 480 466 382 392 14 
5 160 177 191 139 161 146 101 162 3 
26 1211 1436 1546 1382 1756 1452 1348 1531 32 
7 324 418 384 289 477 328 322 328 10 
5 278 318 399 351 428 386 337 370 11 
3 63 66 66 65 101 71 63 59 2 
2 199 209 314 295 316 280 327 266 10 
1 75 109 180 92 104 101 114 139 5 
8 234 236 404 335 382 427 386 323 16 
2 66 75 76 56 107 68 63 84 2 
4 109 113 133 110 122 157 135 135 2 
6 302 328 373 322 432 438 404 436 15 
5 238 253 273 199 255 198 162 184 3 
4 151 195 294 241 294 328 287 318 8 
0 74 61 78 59 58 76 97 82 2 
7 168 196 275 205 422 441 533 514 6 
9 372 459 565 506 699 482 639 702 22 
0 45 77 69 74 129 78 110 125 5 
0 115 116 132 117 165 172 156 225 7 
5 415 472 619 518 687 546 537 549 24 
7 324 418 384 289 477 328 322 328 10 
0 19 76 71 62 72 25 21 55 0 
0 16 24 30 11 37 36 40 36 0 
2 268 291 336 288 349 326 389 356 6 
1 129 146 185 138 258 185 174 226 4 
4 220 316 324 278 399 344 408 414 13 
1 30 47 39 41 65 43 79 84 2 
1 100 136 213 155 225 190 164 155 4 
0 2 22 30 20 34 22 40 38 0 
8 297 361 429 406 537 495 484 483 19 
8 277 325 415 384 505 481 482 527 16 
1 127 116 111 111 129 143 85 101 8 
0 15 21 19 23 39 21 37 35 0 
0 56 75 68 51 119 82 111 113 2 
1 47 63 60 53 63 78 48 66 0 
0 11 12 10 12 11 15 12 40 0 
10 181 290 351 276 391 434 346 280 16 
0 2 2 7 13 25 18 57 38 2 
2 199 209 314 295 316 280 327 266 10 
0 16 10 2 11 24 15 6 19 0 
6 187 283 298 183 282 250 255 247 2 
0 186 229 316 227 324 280 243 245 19 
0 18 8 16 10 16 11 6 20 0 
1 17 26 33 18 34 36 33 21 1 
0 42 80 107 115 117 78 67 84 1 
10 181 290 351 276 391 434 346 280 16 
26 1211 1436 1546 1382 1756 1452 1348 1531 32 
1 127 116 111 111 129 143 85 101 8 
3 153 204 236 214 310 334 276 354 8 
2 228 237 266 291 277 274 197 285 7 
1 37 46 42 33 58 43 25 42 3 
0 56 86 83 67 119 140 116 161 6 
0 11 24 25 32 28 37 36 37 0 
1 26 37 66 25 31 16 27 23 0 
4 346 604 584 529 626 562 403 388 15 
0 29 43 45 35 53 45 39 39 0 
0 121 313 340 359 320 193 239 238 6 
6 187 283 298 183 282 250 255 247 2 
4 220 316 324 278 399 344 408 414 13 
0 28 25 22 15 34 30 13 12 0 
0 11 16 20 11 19 21 18 26 0 
12 566 565 772 607 849 868 761 754 48 
5 292 369 500 355 514 501 424 480 11 
0 39 30 29 37 42 43 19 24 0 
0 48 48 67 74 68 79 61 123 6 
1 181 107 162 137 270 280 182 113 0 
0 54 160 166 201 169 114 130 124 0 
5 188 250 273 185 207 156 86 133 1 
3 91 97 157 123 149 161 132 106 2 
0 30 53 58 59 60 83 72 65 2 
5 205 313 366 355 406 443 354 371 16 
4 262 169 203 257 260 226 212 235 9 
1 177 169 260 226 257 258 279 254 6 
0 18 18 36 23 56 39 39 39 5 
1 90 153 186 135 177 153 119 123 2 
0 294 218 87 250 113 74 129 54 18 
3 95 48 80 76 81 74 96 98 9 
0 126 118 107 126 137 100 121 184 3 
0 52 48 36 74 49 25 54 32 5 
15 624 585 859 882 1175 1047 1076 1060 31 
0 59 87 68 72 104 82 94 120 7 
0 83 99 166 90 109 127 145 176 35 
0 99 126 91 67 74 26 103 47 0 
0 26 27 39 23 31 17 26 20 4 
3 30 27 40 29 29 36 45 46 0 
0 46 5 10 9 0 2 5 0 0 
6 338 344 394 416 449 459 436 453 15 
0 29 8 60 25 40 16 14 68 1 
0 26 42 40 48 34 47 42 57 4 
0 20 8 0 18 2 12 3 0 0 
0 27 23 23 20 17 24 13 22 2 
1 8 4 27 7 15 8 11 8 0 
0 16 7 13 10 5 1 3 3 0 
2 268 291 336 288 349 326 389 356 6 
0 16 10 15 11 39 8 20 24 0 
0 35 30 58 32 82 62 24 59 2 
6 208 292 503 346 484 480 441 423 5 
6 286 269 472 360 430 440 361 355 17 
0 25 10 1 4 0 5 0 0 0 
0 32 22 10 29 7 12 6 9 0 
0 15 11 5 8 0 0 4 8 0 
0 24 9 29 17 12 12 30 11 1 
4 120 126 183 132 153 147 118 123 2 
2 171 167 215 204 214 238 193 205 2 
1 64 77 44 78 79 60 73 84 0 
